month	ct_avg_Tdx收盘价	ct_avg_前复权价格	deviate_avg_100_ct_avg_Tdx收盘价	ct_avg_noise_avg_Tdx收盘价	deviate_avg_100_ct_avg_前复权价格	ct_avg_noise_avg_前复权价格
2016-12	22.41	14.24	-0.12	41.15	1.11	59.42	
2017-01	22.15	14.08	-0.13	25.69	1.05	45.44	
2017-02	24.23	15.4	-0.05	56.74	1.19	75.6	
2017-03	26.94	17.12	0.05	81.79	1.38	91.85	
2017-04	28.66	18.22	0.11	92.16	1.48	95.83	
2017-05	30.62	19.47	0.19	97.81	1.59	98.35	
2017-06	35.28	22.52	0.37	98.62	1.91	98.74	
2017-07	37.1	23.69	0.44	96.47	1.98	96.47	
2017-08	35.47	22.65	0.38	78.84	1.78	78.8	
2017-09	36.8	23.5	0.43	82.87	1.8	82.91	
2017-10	39.84	25.44	0.54	95.43	1.95	95.48	
2017-11	37.81	24.14	0.46	80.93	1.73	80.97	
2017-12	37.22	23.76	0.43	60.59	1.62	60.63	
2018-01	40.96	26.15	0.56	89.53	1.81	89.49	
2018-02	39.7	25.35	0.51	82.26	1.66	82.38	
2018-03	42.98	27.44	0.63	93.1	1.81	92.98	
2018-04	38.95	24.87	0.48	63.99	1.49	64.19	
2018-05	37.57	23.99	0.44	28.08	1.36	28.29	
2018-06	28.47	21.46	0.11	-15.94	1.07	-11.83	
2018-07	16.41	17.89	-0.35	-62.42	0.71	-46.59	
2018-08	15.62	17.03	-0.37	-86.92	0.61	-73.64	
2018-09	14.7	16.02	-0.41	-91.87	0.49	-89.75	
2018-10	12.48	13.61	-0.49	-94.15	0.26	-90.97	
2018-11	14.25	15.54	-0.42	-80.07	0.42	-75.45	
2018-12	14.39	15.7	-0.41	-70.76	0.42	-68.66	
2019-01	14.62	15.95	-0.4	-67.29	0.43	-66.84	
2019-02	17.46	19.04	-0.28	-29.7	0.68	-20.42	
2019-03	20.42	22.26	-0.15	-2.34	0.94	19.13	
2019-04	20.63	22.5	-0.13	11.99	0.93	36.61	
2019-05	20.01	21.86	-0.15	15.22	0.85	42.54	
2019-06	20.71	22.93	-0.11	26.46	0.92	57.19	
2019-07	22.95	25.41	-0.01	56.29	1.09	80.32	
2019-08	21.84	24.18	-0.06	51.02	0.96	73.86	
2019-09	21.38	23.68	-0.07	43.48	0.89	63.57	
2019-10	22.23	24.61	-0.03	56.05	0.93	76.29	
2019-11	24.31	26.92	0.05	71.34	1.08	92.9	
2019-12	24.23	26.84	0.04	67.57	1.04	88.15	
2020-01	27.28	30.21	0.17	88.9	1.25	99.16	
2020-02	29	32.12	0.23	91.7	1.34	97.14	
2020-03	32.63	36.13	0.38	95.21	1.57	95.66	
2020-04	37.63	41.67	0.57	99.06	1.89	99.02	
2020-05	37.91	41.97	0.57	89.39	1.84	89.39	
2020-06	40.05	44.52	0.64	95.62	1.93	95.67	
2020-07	50.23	56.03	1.02	99.15	2.56	99.15	
2020-08	55.45	61.86	1.19	97.07	2.79	97.07	
2020-09	56.76	63.32	1.21	91.92	2.74	91.92	
2020-10	47.65	61.8	0.83	72.88	2.54	83.71	
2020-11	37.22	62.28	0.41	23.64	2.45	81.12	
2020-12	36.02	60.28	0.36	-2.1	2.24	58.7	
2021-01	47.68	79.78	0.77	31.43	3.11	93.12	
2021-02	51.92	86.87	0.9	56.31	3.3	96.07	
2021-03	48.15	80.57	0.74	50.19	2.84	83.93	
2021-04	54.58	91.33	0.95	72.36	3.18	95.36	
2021-05	57.48	96.22	1.02	80.61	3.23	95.09	
2021-06	57.51	96.7	0.99	77.47	3.09	89.29	
2021-07	52.45	88.19	0.8	49.11	2.6	64.77	
2021-08	53.27	89.56	0.8	42.41	2.53	55.92	
2021-09	45.6	76.67	0.53	-2.81	1.94	12.01	
2021-10	45.02	75.69	0.49	-17.36	1.83	-8.59	
2021-11	40.9	68.77	0.35	-45.66	1.51	-31.74	
2021-12	47.01	79.04	0.54	-25.93	1.81	-15.72	
2022-01	50.04	84.13	0.62	5.92	1.91	11.47	
2022-02	49.59	83.37	0.6	15.46	1.81	21.09	
2022-03	42.83	71.38	0.37	-43.16	1.36	-41.42	
2022-04	44.97	75.61	0.43	-59.16	1.45	-43.94	
2022-05	45.1	75.85	0.43	-63.06	1.4	-39.8	
2022-06	46.79	79.2	0.47	-37.2	1.45	-2.72	
2022-07	44.17	74.77	0.38	-37.8	1.27	-14.37	
2022-08	35.66	60.36	0.11	-90.22	0.8	-85.25	
2022-09	28.83	48.8	-0.1	-94.81	0.44	-92.26	
2022-10	24.93	42.2	-0.23	-96.43	0.23	-96.99	
2022-11	30.06	50.89	-0.07	-79.06	0.47	-78.61	
2022-12	33.74	57.11	0.04	-58.6	0.62	-58.6	
2023-01	36.88	62.43	0.14	-36.89	0.75	-36.89	
2023-02	35.62	60.29	0.1	-32.32	0.66	-31.92	
2023-03	33.87	57.33	0.04	-37.62	0.56	-37.54	
2023-04	32.57	55.12	0	-39	0.48	-38.96	
2023-05	27.54	46.7	-0.15	-71.74	0.24	-71.65	
2023-06	28.45	48.33	-0.12	-71.96	0.28	-71.61	
2023-07	27.39	46.53	-0.15	-81.12	0.22	-81.08	
2023-08	29.32	49.8	-0.09	-61.02	0.29	-60.83	
2023-09	28.2	47.92	-0.11	-62.1	0.23	-61.47	
2023-10	24.58	41.76	-0.23	-83.93	0.07	-83.24	
2023-11	23.18	39.37	-0.27	-92.7	0	-92.74	
2023-12	19.5	33.13	-0.39	-97.19	-0.16	-97.19	
2024-01	17.5	29.72	-0.45	-99.11	-0.25	-99.11	
2024-02	16.52	28.07	-0.48	-94.01	-0.3	-94.01	
2024-03	16.77	28.49	-0.47	-89.8	-0.29	-89.8	
2024-04	14.54	24.71	-0.54	-98.12	-0.39	-98.12	
2024-05	15.84	27.28	-0.5	-82.5	-0.32	-80.49	
2024-06	13.78	24.24	-0.57	-94.92	-0.4	-92.72	
2024-07	12.75	22.42	-0.6	-95.19	-0.45	-94.76	
2024-08	11.37	19.99	-0.64	-98.74	-0.51	-98.7	
2024-09	10.72	19.03	-0.66	-93.66	-0.53	-93.37	
2024-10	13.77	25.5	-0.56	-59.87	-0.38	-50.69	
2024-11	14.29	26.44	-0.55	-35.59	-0.36	-24.4	
2024-12	13.5	25	-0.57	-36.73	-0.39	-20.05	
2025-01	12.52	23.19	-0.6	-56.01	-0.44	-35.12	
