month	ct_avg_Tdx收盘价	ct_avg_前复权价格	deviate_avg_100_ct_avg_Tdx收盘价	ct_avg_noise_avg_Tdx收盘价	deviate_avg_100_ct_avg_前复权价格	ct_avg_noise_avg_前复权价格
2012-11	13.24	5.84	-0.49	4.63	-0.03	8.85	
2012-12	13.18	5.82	-0.49	2.47	-0.04	10.37	
2013-01	14.65	6.47	-0.43	47.1	0.05	48.88	
2013-02	14.56	6.43	-0.43	46.55	0.04	54.52	
2013-03	13.95	6.16	-0.45	43.5	-0.02	49.66	
2013-04	15	6.62	-0.41	73.41	0.05	77.98	
2013-05	18.27	8.07	-0.28	92.09	0.26	93.3	
2013-06	16.67	7.4	-0.34	81.25	0.15	82.09	
2013-07	15.88	7.05	-0.37	70.19	0.08	70.73	
2013-08	15.47	6.86	-0.38	48.82	0.04	50.04	
2013-09	15.85	7.03	-0.37	53.24	0.06	55.73	
2013-10	15.31	6.8	-0.39	30.16	0.02	32.59	
2013-11	14.05	6.23	-0.44	-20.96	-0.08	-18.66	
2013-12	14.28	6.34	-0.44	-29.5	-0.07	-28.12	
2014-01	16.31	7.24	-0.36	16.45	0.06	17.69	
2014-02	17.2	7.63	-0.32	49.11	0.1	50.56	
2014-03	16	7.1	-0.37	36.69	0.02	38.69	
2014-04	14.88	6.6	-0.42	-14.16	-0.06	-13.22	
2014-05	11.7	6.2	-0.54	-52.63	-0.13	-44.91	
2014-06	9.57	6.03	-0.62	-84.86	-0.15	-64.91	
2014-07	10.1	6.37	-0.6	-82.69	-0.11	-59.16	
2014-08	10.86	6.84	-0.57	-69.69	-0.05	-3.7	
2014-09	11.61	7.32	-0.54	-55.31	0	36.22	
2014-10	11.86	7.48	-0.53	-43.5	0.02	61.51	
2014-11	11.75	7.41	-0.53	-37.1	0	66.21	
2014-12	12.8	8.07	-0.49	-2.68	0.08	82.53	
2015-01	13.82	8.71	-0.44	25	0.16	90.09	
2015-02	14.05	8.86	-0.43	38.69	0.17	90.83	
2015-03	15.43	9.73	-0.37	60.63	0.27	98.34	
2015-04	19.21	12.13	-0.22	76.96	0.57	98.68	
2015-05	19.65	12.45	-0.19	83.53	0.59	93.35	
2015-06	22.75	14.41	-0.06	90.82	0.82	94.52	
2015-07	16.38	10.38	-0.31	57.34	0.3	58.62	
2015-08	15.47	9.8	-0.34	31.72	0.22	33.38	
2015-09	11.71	7.42	-0.49	-18.57	-0.08	-16.29	
2015-10	14.21	9	-0.37	-20.06	0.12	-13.76	
2015-11	15.53	9.84	-0.3	-7.82	0.22	-1.74	
2015-12	15.95	10.1	-0.26	2.48	0.25	5.78	
2016-01	13.3	8.43	-0.37	-36.38	0.04	-30.98	
2016-02	12.52	7.93	-0.39	-58.63	-0.02	-54.82	
2016-03	12.23	7.75	-0.4	-72.94	-0.05	-68.28	
2016-04	12.97	8.59	-0.35	-63.57	0.06	-58.26	
2016-05	10.3	7.95	-0.47	-91.11	-0.02	-74.28	
2016-06	10.64	8.21	-0.44	-82.99	0.02	-65.36	
2016-07	11.1	8.57	-0.4	-72.75	0.06	-33.29	
2016-08	11.04	8.52	-0.39	-73.1	0.05	-20.26	
2016-09	11.15	8.6	-0.38	-59.02	0.06	2.41	
2016-10	11.27	8.7	-0.37	-44.09	0.07	14.45	
2016-11	11.71	9.04	-0.34	-15.95	0.11	45.62	
2016-12	12.65	9.77	-0.28	15.38	0.19	62.01	
2017-01	13.44	10.37	-0.23	34.87	0.26	73.66	
2017-02	14	10.81	-0.2	50	0.31	87.85	
2017-03	15.9	12.27	-0.09	71.7	0.47	91.07	
2017-04	16.47	12.71	-0.05	84.72	0.51	92.26	
2017-05	16.31	12.6	-0.05	80.18	0.49	86.47	
2017-06	16.49	12.81	-0.03	82.14	0.51	88.43	
2017-07	15.9	12.35	-0.05	62.59	0.45	65.65	
2017-08	14.89	11.56	-0.11	33.38	0.35	35.52	
2017-09	15.68	12.17	-0.06	33.04	0.42	34.35	
2017-10	18.03	14.01	0.08	71.9	0.62	73.53	
2017-11	17.12	13.29	0.03	72.08	0.53	73.34	
2017-12	16.09	12.49	-0.03	36.78	0.43	39.58	
2018-01	15.38	11.94	-0.07	12.01	0.36	13.51	
2018-02	15.69	12.19	-0.04	-2.68	0.39	-1.25	
2018-03	16.6	12.89	0.02	31.09	0.47	32.75	
2018-04	16.9	13.13	0.05	49.45	0.49	51.04	
2018-05	18.81	14.64	0.17	82.63	0.65	83.24	
2018-06	16.9	13.19	0.06	61.92	0.49	63.62	
2018-07	16.19	12.64	0.02	17.82	0.43	20.05	
2018-08	14.86	11.61	-0.05	-17.74	0.31	-16.34	
2018-09	13.95	10.89	-0.1	-38.11	0.23	-34.77	
2018-10	10.62	8.29	-0.31	-82.89	-0.06	-81.35	
2018-11	10.97	8.57	-0.28	-83.4	-0.02	-82.26	
2018-12	10.35	8.08	-0.31	-97.01	-0.08	-97.23	
2019-01	10.56	8.25	-0.29	-85.47	-0.06	-85.51	
2019-02	11.16	8.72	-0.24	-70.54	0	-70.6	
2019-03	12.83	10.02	-0.12	-35.88	0.15	-35.88	
2019-04	12.79	9.98	-0.12	-17.69	0.15	-17.6	
2019-05	10.54	8.23	-0.27	-54.02	-0.05	-54.15	
2019-06	10.07	7.92	-0.29	-70.54	-0.09	-69.41	
2019-07	10.33	8.15	-0.27	-62.69	-0.06	-61.06	
2019-08	10.13	7.99	-0.28	-70.33	-0.08	-68.71	
2019-09	11.26	8.88	-0.19	-33.62	0.02	-31.43	
2019-10	11.62	9.16	-0.17	1.39	0.05	4.46	
2019-11	13.24	10.44	-0.05	35.25	0.2	39.03	
2019-12	13.78	10.87	-0.01	67.94	0.24	69.97	
2020-01	14.87	11.73	0.07	79.97	0.33	81.08	
2020-02	15.45	12.18	0.11	72.01	0.37	73.84	
2020-03	17.76	14	0.27	84.05	0.56	84.66	
2020-04	19.15	15.1	0.37	92.01	0.67	92.3	
2020-05	19.32	15.24	0.37	90.13	0.66	90.28	
2020-06	18.82	14.9	0.33	80.94	0.61	81.52	
2020-07	24.31	19.27	0.71	97.44	1.05	97.55	
2020-08	27.01	21.42	0.88	93.03	1.25	93.03	
2020-09	24.64	19.54	0.7	77.76	1.02	77.8	
2020-10	23.32	18.49	0.6	67.41	0.88	67.52	
2020-11	22.12	17.54	0.5	44.9	0.77	45.45	
2020-12	21.32	16.9	0.44	25.97	0.68	26.4	
2021-01	20.95	16.61	0.41	2.05	0.64	2.32	
2021-02	22.76	18.05	0.52	10.83	0.76	11.37	
2021-03	27.33	21.67	0.81	63.51	1.08	63.63	
2021-04	30.42	24.12	0.99	82.27	1.27	82.31	
2021-05	28.66	22.73	0.86	75.84	1.11	75.89	
2021-06	28.15	22.37	0.81	73.55	1.04	73.43	
2021-07	27.48	21.94	0.75	60.35	0.98	61.89	
2021-08	31.32	25.01	0.97	80.64	1.22	82.55	
2021-09	38.48	30.73	1.39	96.56	1.67	96.79	
2021-10	39.31	31.39	1.41	93.75	1.67	93.75	
2021-11	46.14	36.85	1.78	96.92	2.06	96.92	
2021-12	52.41	41.86	2.09	94.1	2.38	94.1	
2022-01	46.38	37.03	1.69	77.82	1.92	77.82	
2022-02	45.18	36.08	1.57	67.52	1.78	67.52	
2022-03	38.99	30.84	1.19	42.62	1.33	36.1	
2022-04	29.63	23.66	0.65	1.88	0.76	-6.81	
2022-05	32.6	26.03	0.8	-8.65	0.92	-14.38	
2022-06	36.17	28.94	0.97	-10.16	1.1	-12.54	
2022-07	41.95	33.69	1.26	14.92	1.39	15.31	
2022-08	44.96	36.11	1.38	48.99	1.51	48.29	
2022-09	40.49	32.52	1.11	32.06	1.22	31.34	
2022-10	38.21	30.68	0.96	3.35	1.06	4.69	
2022-11	37.91	30.44	0.92	-21.31	1.01	-17.94	
2022-12	38.24	30.71	0.91	-26.54	1	-17.53	
2023-01	41.77	33.55	1.06	13.78	1.15	18.36	
2023-02	44.66	35.86	1.16	51.74	1.26	55.27	
2023-03	44.93	36.09	1.14	69.68	1.23	73.87	
2023-04	44.62	35.83	1.1	75.47	1.18	75.94	
2023-05	46.07	37	1.13	86.07	1.21	86.12	
2023-06	46.39	37.31	1.11	86.43	1.19	86.83	
2023-07	49.54	40.05	1.22	90.82	1.31	91.41	
2023-08	49.89	40.33	1.21	89.64	1.29	89.71	
2023-09	50.22	40.6	1.19	87.77	1.27	87.81	
2023-10	48.4	39.13	1.09	66.65	1.16	66.91	
2023-11	48.6	39.29	1.07	57.43	1.13	57.96	
2023-12	49.76	40.22	1.09	70.41	1.15	70.79	
2024-01	52.33	42.3	1.16	87.7	1.22	87.66	
2024-02	55.11	44.55	1.24	93.94	1.29	93.81	
2024-03	59.51	48.11	1.37	95.32	1.43	95.32	
2024-04	63.91	51.66	1.5	97.23	1.55	97.23	
2024-05	70.83	57.26	1.71	98.12	1.76	98.12	
2024-06	71.14	57.59	1.66	91.07	1.71	91.26	
2024-07	63.51	51.63	1.33	65.06	1.38	65.49	
2024-08	65.37	53.15	1.36	62.82	1.4	63.96	
2024-09	67.82	55.14	1.39	73.68	1.44	75.14	
2024-10	74.41	60.5	1.57	89.29	1.62	89.88	
2024-11	77.56	63.06	1.62	89.03	1.67	89.71	
2024-12	73.87	60.06	1.44	77.72	1.48	77.88	
2025-01	74.04	60.19	1.4	70.49	1.44	70.73	
2025-02	76.18	61.93	1.42	83.93	1.46	83.93	
