month	ct_avg_Tdx收盘价	ct_avg_前复权价格	deviate_avg_100_ct_avg_Tdx收盘价	ct_avg_noise_avg_Tdx收盘价	deviate_avg_100_ct_avg_前复权价格	ct_avg_noise_avg_前复权价格
2012-11	3.8	0.93	-0.4	-75.12	-0.28	-73.74	
2012-12	3.8	0.93	-0.4	-78.95	-0.28	-77.55	
2013-01	4.09	1	-0.34	-30	-0.24	-29.51	
2013-02	4.15	1.01	-0.33	-0.59	-0.23	-3.04	
2013-03	4.17	1.02	-0.31	19.64	-0.22	15.43	
2013-04	3.9	0.95	-0.35	-19.3	-0.27	-21.78	
2013-05	4.1	1	-0.31	-7.43	-0.24	-7.75	
2013-06	3.83	0.93	-0.35	1.63	-0.3	-2.99	
2013-07	3.65	0.89	-0.37	-56.06	-0.33	-57.92	
2013-08	4.37	1.06	-0.23	-3.81	-0.2	-3.53	
2013-09	6.23	1.52	0.1	74.95	0.14	71.71	
2013-10	7.78	1.9	0.36	90.53	0.42	90.58	
2013-11	6.3	1.54	0.11	79.25	0.15	79.21	
2013-12	5.71	1.39	0.01	64.24	0.03	63.92	
2014-01	6.68	1.63	0.18	66.88	0.21	66.24	
2014-02	8.02	1.96	0.42	90.07	0.44	89.51	
2014-03	6.91	1.69	0.22	73	0.24	72.7	
2014-04	6.82	1.66	0.2	64.07	0.21	63.39	
2014-05	7.57	1.85	0.33	84.15	0.34	84.24	
2014-06	7.31	1.79	0.29	77.5	0.3	77.5	
2014-07	7.39	1.8	0.3	73.33	0.29	73.21	
2014-08	7.85	1.92	0.37	88.22	0.38	88.44	
2014-09	8.53	2.08	0.49	96.13	0.49	95.75	
2014-10	9.13	2.23	0.59	92.81	0.59	92.66	
2014-11	9.73	2.37	0.68	96.16	0.68	96.47	
2014-12	8.39	2.05	0.44	66.81	0.44	66.89	
2015-01	7.86	1.92	0.35	29.33	0.35	29.46	
2015-02	8.53	2.08	0.46	45.06	0.45	44.88	
2015-03	11.59	2.83	0.96	82.22	0.97	82.87	
2015-04	12.52	3.05	1.09	91.37	1.09	91.03	
2015-09	24.35	5.81	2.93	99.01	2.7	98.04	
2015-10	29.56	7.21	3.6	97.37	3.45	97.37	
2015-11	45.33	10.67	5.67	99.44	5.24	99.49	
2015-12	47.64	11.62	5.62	91.03	5.42	90.76	
2016-01	31.83	7.76	3.29	69.2	3.15	67.01	
2016-02	32.97	8.04	3.3	62.5	3.17	59.4	
2016-03	29.77	7.26	2.77	42.31	2.65	39.48	
2016-04	32.69	7.97	3.01	48.3	2.89	44.87	
2016-05	29.31	7.15	2.5	13.9	2.4	8.16	
2016-06	29.99	7.52	2.49	4.96	2.48	5.36	
2016-07	16.58	8.15	0.91	-37.8	2.67	33.5	
2016-08	15.54	7.64	0.77	-57.53	2.35	10.79	
2016-09	14.72	7.24	0.66	-75.54	2.09	-29.29	
2016-10	15.61	7.67	0.75	-69.75	2.18	-20.37	
2016-11	17.89	8.8	0.98	-55.4	2.55	36.12	
2016-12	15.09	7.42	0.65	-71.55	1.91	6.66	
2017-01	13.9	6.83	0.51	-84.18	1.62	-28.17	
2017-02	12.71	6.25	0.37	-91.92	1.35	-62.6	
2017-03	11.73	5.76	0.25	-96.27	1.12	-80.51	
2017-04	12.16	5.98	0.29	-84.97	1.16	-77.08	
2017-05	12.79	6.29	0.34	-68.66	1.23	-61.47	
2017-06	13.91	6.83	0.44	-44.68	1.37	-39.65	
2017-07	9.52	6.33	-0.02	-78.4	1.16	-57.57	
2017-08	8.98	6.38	-0.08	-88.24	1.14	-51.09	
2017-09	9.84	6.98	0	-76.02	1.3	4.08	
2017-10	11.4	8.09	0.15	-55.62	1.6	37.24	
2017-11	12.38	8.78	0.24	-21.71	1.76	58.65	
2017-12	13.42	9.53	0.33	9.23	1.92	77.68	
2018-01	13.99	9.93	0.38	26.42	1.96	86.4	
2018-02	14.16	10.05	0.38	38.1	1.92	89.52	
2018-03	14.21	10.08	0.38	40.91	1.86	87.91	
2018-04	11.46	8.13	0.1	-6.75	1.26	40.23	
2018-05	11.61	8.24	0.11	-23.05	1.26	20.13	
2018-06	12.06	8.63	0.15	-17.23	1.32	20.72	
2018-07	10.25	8.81	-0.03	-51.54	1.32	13.56	
2018-08	9.74	8.37	-0.08	-66.96	1.17	8.62	
2018-09	8	6.87	-0.25	-76.74	0.75	-49.76	
2018-10	7.22	6.2	-0.32	-88.44	0.57	-69.34	
2018-11	6.08	5.22	-0.43	-96.31	0.3	-87.17	
2018-12	5.92	5.09	-0.44	-93.17	0.26	-87.1	
2019-01	5.55	4.77	-0.48	-92.41	0.17	-89.41	
2019-02	6.61	5.68	-0.38	-68.57	0.38	-67.14	
2019-03	6.75	5.8	-0.36	-54.04	0.4	-54.12	
2019-04	6.8	5.85	-0.36	-40.48	0.39	-40.52	
2019-05	5.61	4.82	-0.47	-73.8	0.14	-73.79	
2019-06	5.44	4.68	-0.49	-79.79	0.1	-79.75	
2019-07	5.12	4.44	-0.52	-88.51	0.03	-88.32	
2019-08	5.05	4.42	-0.52	-87.14	0.02	-85.71	
2019-09	5.5	4.82	-0.48	-65.22	0.11	-61.7	
2019-10	5.54	4.86	-0.47	-54.52	0.11	-49.9	
2019-11	5.92	5.19	-0.44	-17.01	0.17	-10.76	
2019-12	5.97	5.23	-0.43	-5.89	0.17	2.88	
2020-01	6.58	5.77	-0.38	31.31	0.28	36.22	
2020-02	5.53	4.85	-0.47	-2.32	0.07	1.47	
2020-03	4.79	4.2	-0.54	-44.64	-0.08	-40.1	
2020-04	4.33	3.79	-0.59	-70.92	-0.17	-68.96	
2020-05	4.94	4.33	-0.53	-63.74	-0.06	-61.36	
2020-06	5.3	4.65	-0.5	-45.22	0	-43.71	
2020-07	5.99	5.3	-0.43	9.94	0.13	14.52	
2020-08	6.62	5.87	-0.37	41.11	0.24	45.11	
2020-09	7.55	6.7	-0.29	69.48	0.39	71.47	
2020-10	9.27	8.22	-0.13	86.66	0.68	89.23	
2020-11	9.63	8.54	-0.1	91.92	0.72	92.22	
2020-12	9.91	8.79	-0.07	91.61	0.75	91.69	
2021-01	11.14	9.88	0.03	96.92	0.93	96.92	
2021-02	11.62	10.31	0.07	95	0.98	95	
2021-03	10.25	9.09	-0.06	70.5	0.72	70.61	
2021-04	9.75	8.65	-0.11	50.47	0.61	50.47	
2021-05	10.29	9.13	-0.07	59.57	0.67	59.52	
2021-06	9.48	8.41	-0.15	24.24	0.52	24.28	
2021-07	8.2	7.36	-0.26	-17.57	0.32	-16.96	
2021-08	7.61	6.84	-0.32	-36.61	0.21	-35.88	
2021-09	7.32	6.58	-0.35	-57.54	0.15	-55.04	
2021-10	7.54	6.84	-0.33	-57.14	0.19	-48.6	
2021-11	7.36	6.8	-0.35	-75.16	0.17	-59.01	
2021-12	7.68	7.1	-0.32	-62.77	0.21	-51.55	
2022-01	8.05	7.44	-0.29	-26.79	0.25	-12.03	
2022-02	7.92	7.32	-0.31	-20.76	0.22	-5.64	
2022-03	6.66	6.02	-0.42	-60.36	0	-57.49	
2022-04	5.71	5.28	-0.5	-90.74	-0.13	-90.98	
2022-05	5.79	5.35	-0.49	-89.1	-0.13	-89.47	
2022-06	6.45	5.96	-0.44	-73.98	-0.03	-72.41	
2022-07	6.3	5.83	-0.45	-73.34	-0.06	-69.26	
2022-08	5.86	5.53	-0.49	-87.15	-0.11	-81.83	
2022-09	5.51	5.21	-0.52	-90.99	-0.17	-88.22	
2022-10	5.26	4.97	-0.54	-90.24	-0.21	-87.05	
2022-11	5.55	5.25	-0.51	-79.71	-0.17	-78	
2022-12	6.56	6.21	-0.42	-25.69	-0.03	-20.37	
2023-01	6.96	6.66	-0.39	10.27	0.04	16.46	
2023-02	6.67	6.44	-0.41	15.31	0	25.94	
2023-03	6.59	6.36	-0.42	23.76	-0.02	34.01	
2023-04	6.48	6.25	-0.43	24.53	-0.05	31.48	
2023-05	6.8	6.56	-0.4	39.06	-0.01	56.88	
2023-06	6.9	6.66	-0.39	50.8	0	66.29	
2023-07	7.1	7.15	-0.37	74.11	0.07	89.41	
2023-08	7.41	7.46	-0.34	87.62	0.11	90.68	
2023-09	7.39	7.44	-0.34	84.69	0.1	87.05	
2023-10	7.01	7.06	-0.38	58.25	0.04	65.23	
2023-11	6.78	6.82	-0.39	24.59	0	38.92	
2023-12	6.15	6.19	-0.45	-20.32	-0.1	-8.59	
2024-01	5.94	5.98	-0.46	-46.06	-0.13	-34.46	
2024-02	6.09	6.13	-0.43	-50.96	-0.11	-40.37	
2024-03	6.45	6.49	-0.38	-35.12	-0.05	-19.22	
2024-04	6.92	6.97	-0.3	8.35	0.03	24.82	
2024-05	6.63	6.68	-0.31	5.22	-0.01	22.19	
2024-06	6.21	6.45	-0.34	-39.47	-0.04	-16.45	
2024-07	5.97	6.33	-0.35	-65.53	-0.06	-34.98	
2024-08	5.72	6.07	-0.36	-78.21	-0.1	-63.19	
2024-09	5.75	6.12	-0.34	-82.99	-0.09	-72.23	
2024-10	7.17	7.73	-0.15	-12.7	0.15	11.8	
2024-11	7.21	7.78	-0.13	25.81	0.16	65.18	
2024-12	6.98	7.53	-0.15	45.05	0.12	73.01	
2025-01	6.56	7.07	-0.2	36.95	0.05	60.07	
2025-02	6.62	7.14	-0.18	37.32	0.07	57.5	
