month	ct_avg_Tdx收盘价	ct_avg_前复权价格	deviate_avg_100_ct_avg_Tdx收盘价	ct_avg_noise_avg_Tdx收盘价	deviate_avg_100_ct_avg_前复权价格	ct_avg_noise_avg_前复权价格
2002-02	15.73	5.26	0.03	-60.89	0.68	-50.45	
2002-03	16.15	5.4	0.06	-30.4	0.7	-6.93	
2002-04	14.84	4.97	-0.03	-62.5	0.55	-57.59	
2002-05	13.57	4.56	-0.11	-86.77	0.4	-87.2	
2002-06	12.54	4.23	-0.18	-94.33	0.29	-93.66	
2002-07	13.26	4.55	-0.14	-85.36	0.37	-82.22	
2002-08	12.07	4.14	-0.22	-95.49	0.23	-94.6	
2002-09	11.34	3.89	-0.27	-98.57	0.15	-98.35	
2002-10	10.92	3.74	-0.3	-95.73	0.09	-95.24	
2002-11	10.63	3.65	-0.32	-93.24	0.05	-93.2	
2002-12	9.81	3.37	-0.38	-97.04	-0.03	-96.71	
2003-01	9.71	3.33	-0.38	-89.87	-0.05	-89.86	
2003-02	10.01	3.43	-0.37	-77.5	-0.03	-77.44	
2003-03	9.66	3.31	-0.39	-88.31	-0.07	-88.39	
2003-04	10.14	3.48	-0.36	-66.72	-0.03	-65.99	
2003-05	9.78	3.36	-0.39	-74.43	-0.07	-72.5	
2003-06	9.76	3.35	-0.39	-67.9	-0.08	-66.5	
2003-07	9.41	3.3	-0.41	-90.76	-0.11	-83.85	
2003-08	9.09	3.22	-0.44	-96.43	-0.13	-92.39	
2003-09	8.75	3.1	-0.46	-97.2	-0.17	-95.7	
2003-10	8.12	2.87	-0.5	-99.01	-0.24	-98.16	
2003-11	8.29	2.93	-0.49	-86.52	-0.23	-86.65	
2003-12	8.49	3	-0.48	-75.74	-0.21	-75.82	
2004-01	9.08	3.21	-0.44	-45.67	-0.16	-42.24	
2004-02	9.8	3.47	-0.4	-8.13	-0.1	-4.87	
2004-03	9.62	3.4	-0.41	9.74	-0.13	12.5	
2004-04	9.85	3.49	-0.4	25.77	-0.11	28.9	
2004-05	9.13	3.23	-0.44	3.07	-0.18	4.91	
2004-06	8.67	3.06	-0.47	-32.61	-0.23	-31.7	
2004-07	6.73	3.09	-0.59	-60.51	-0.23	-44.4	
2004-08	5.44	2.9	-0.67	-88.64	-0.28	-60.96	
2004-09	5.4	2.88	-0.67	-89.69	-0.29	-61.24	
2004-10	5.26	2.81	-0.68	-91.74	-0.31	-68.64	
2004-11	5.81	3.1	-0.65	-68.22	-0.24	-32.22	
2004-12	5.42	2.89	-0.67	-78.34	-0.29	-57.84	
2005-01	5.12	2.74	-0.68	-87.28	-0.33	-84.24	
2005-02	5.21	2.78	-0.68	-83.52	-0.32	-83.1	
2005-03	4.96	2.65	-0.69	-86.8	-0.35	-87.81	
2005-04	4.7	2.51	-0.71	-94.01	-0.39	-93.75	
2005-05	4.59	2.45	-0.71	-96.59	-0.4	-96.43	
2005-06	4.75	2.54	-0.7	-79.25	-0.38	-78.9	
2005-07	4.4	2.44	-0.72	-92.69	-0.4	-90.82	
2005-08	4.36	2.49	-0.72	-90.72	-0.39	-77.99	
2005-09	4.4	2.51	-0.71	-81.33	-0.38	-58.2	
2005-10	4.04	2.3	-0.73	-96.26	-0.43	-89.17	
2005-11	3.84	2.19	-0.74	-94.28	-0.46	-94.11	
2005-12	3.94	2.25	-0.73	-82.1	-0.44	-81.78	
2006-01	4.26	2.43	-0.7	-55.75	-0.39	-48.61	
2006-02	4.41	2.55	-0.69	-29.4	-0.36	-16.81	
2006-03	4.79	2.71	-0.65	-0.84	-0.31	13.55	
2006-05	4.6	2.91	-0.66	6.57	-0.25	62.99	
2006-06	4.5	2.83	-0.66	9.57	-0.26	68.06	
2006-07	4.47	2.83	-0.66	12.88	-0.26	63.56	
2006-08	4.33	2.78	-0.66	-13.16	-0.27	45.3	
2006-09	4.62	2.98	-0.64	21	-0.21	71.43	
2006-10	5.46	3.51	-0.56	67.41	-0.07	95.54	
2006-11	6.48	4.16	-0.48	90.71	0.1	99.43	
2006-12	7.57	4.86	-0.38	94.39	0.28	97.36	
2007-01	10.7	6.87	-0.12	97.95	0.79	97.95	
2007-02	10.12	6.5	-0.16	90	0.68	90.06	
2007-03	10.73	6.89	-0.11	92.61	0.77	92.53	
2007-04	13.19	8.47	0.1	98.89	1.15	99.02	
2007-05	15.47	9.93	0.3	98.02	1.48	98.02	
2007-06	15.92	10.21	0.33	93.04	1.5	93.28	
2007-07	16.06	10.35	0.35	88.39	1.49	88.47	
2007-08	19.69	12.77	0.65	99.15	2.01	99.22	
2007-09	25.79	16.72	1.14	97.68	2.82	97.68	
2007-10	22.23	14.41	0.83	81	2.21	81.1	
2007-11	18.37	11.91	0.52	55.52	1.61	55.92	
2007-12	19.85	12.87	0.64	52.45	1.77	52.86	
2008-01	23.64	15.33	0.94	81.53	2.22	81.61	
2008-02	21.58	13.99	0.77	69.34	1.87	69.34	
2008-03	17	11.02	0.39	20.75	1.23	20.88	
2008-04	12.4	8.04	0.02	-27.68	0.61	-27.42	
2008-05	13.13	8.53	0.08	-38.58	0.7	-38.48	
2008-06	9.84	6.34	-0.18	-67.61	0.26	-68.53	
2008-07	10.06	6.66	-0.16	-72.44	0.32	-71.39	
2008-08	9.75	6.43	-0.18	-81.7	0.27	-79.12	
2008-09	8.84	5.86	-0.24	-89.29	0.15	-89.24	
2008-10	7.84	5.19	-0.32	-93.04	0.02	-93.39	
2008-11	8.54	5.66	-0.25	-80.45	0.11	-80.22	
2008-12	9.57	6.34	-0.16	-56.95	0.24	-55.47	
2009-01	9.01	5.97	-0.2	-60.71	0.17	-60	
2009-02	10.07	6.67	-0.1	-29.95	0.3	-28.75	
2009-03	9.51	6.3	-0.14	-18.91	0.23	-16.6	
2009-04	10.11	6.7	-0.07	12.58	0.3	14.71	
2009-05	11.27	7.47	0.04	29.76	0.45	31.5	
2009-06	13.19	8.76	0.23	53.02	0.69	56.05	
2009-07	13.94	9.3	0.31	65.95	0.78	69.6	
2009-08	15.03	10.06	0.41	80.95	0.91	83.55	
2009-09	15.96	10.69	0.51	87.41	1.01	88.23	
2009-10	18.12	12.13	0.71	92.52	1.25	93.25	
2009-11	21.25	14.23	1.01	93.92	1.6	94.9	
2009-12	24.26	16.26	1.27	96.74	1.91	96.85	
2010-01	21.54	14.42	1.01	79.78	1.54	78.53	
2010-02	20.73	13.88	0.92	69.58	1.41	67.5	
2010-03	20.98	14.05	0.94	63.59	1.4	61.22	
2010-04	19.97	13.37	0.84	49.36	1.25	47.11	
2010-05	17.88	11.97	0.64	8.35	0.99	5.8	
2010-06	19.69	13.21	0.8	16.62	1.17	14.52	
2010-07	20.7	13.88	0.88	30.2	1.25	28.17	
2010-08	22.46	15.26	1.03	63.39	1.43	62.74	
2010-09	22.46	15.24	1.02	63.81	1.39	63.02	
2010-10	25.53	17.33	1.27	81.92	1.66	82.25	
2010-11	26.24	17.81	1.3	80.64	1.68	81.29	
2010-12	26.64	18.09	1.31	86.53	1.66	87.73	
2011-01	26.04	17.67	1.23	81.4	1.55	79.73	
2011-02	28.26	19.18	1.39	88.45	1.71	87.74	
2011-03	29.71	20.17	1.47	93.24	1.79	92.97	
2011-04	28.42	19.29	1.33	80.36	1.61	80.31	
2011-05	27.04	18.35	1.18	55.7	1.43	55.7	
2011-06	26.36	17.92	1.1	29.18	1.33	29.42	
2011-07	20.93	18.5	0.65	17.77	1.36	44.05	
2011-08	11.68	15.92	-0.08	-57.41	1	-20.11	
2011-09	10.06	13.7	-0.21	-80.7	0.7	-53.74	
2011-10	9.78	13.33	-0.23	-84.99	0.63	-66.63	
2011-11	9.54	12.99	-0.25	-89.33	0.57	-77.64	
2011-12	8.56	11.66	-0.32	-95.74	0.39	-89.85	
2012-01	9.1	12.4	-0.28	-81.55	0.47	-76.9	
2012-02	9.64	13.13	-0.24	-64.46	0.54	-61.88	
2012-03	11.29	15.39	-0.11	-39.89	0.77	-22.69	
2012-04	10.89	14.84	-0.14	-26.84	0.69	-16.02	
2012-05	11.88	16.2	-0.07	4.55	0.81	24.03	
2012-06	11.88	16.34	-0.07	8.53	0.8	42.77	
2012-07	11.17	15.45	-0.13	1.5	0.68	27.23	
2012-08	10.47	14.47	-0.18	-21.74	0.56	-4.54	
2012-09	10.79	14.94	-0.16	-16.73	0.59	1.34	
2012-10	11.41	15.77	-0.11	27.23	0.65	34.77	
2012-11	11.19	15.47	-0.13	24.76	0.6	29.87	
2012-12	12.21	16.88	-0.05	43.49	0.72	52.13	
2013-01	13.73	18.98	0.06	66.7	0.91	83.44	
2013-02	13.49	18.65	0.03	62.2	0.84	83.75	
2013-03	12.7	17.55	-0.03	49.62	0.71	74.02	
2013-04	13.01	17.98	-0.02	56.45	0.73	80.16	
2013-05	12.98	17.94	-0.02	54.22	0.7	72.93	
2013-06	11.62	16.44	-0.13	10.71	0.54	25.37	
2013-07	11.41	16.25	-0.15	-17.35	0.5	-2.8	
2013-08	11.99	17.09	-0.11	-10.06	0.56	3.69	
2013-09	12.84	18.65	-0.06	28.77	0.67	52.54	
2013-10	15.68	22.34	0.14	61.61	0.97	75.94	
2013-11	16.19	23.06	0.17	78.49	1	89.63	
2013-12	18.94	26.88	0.36	96.16	1.28	97.73	
2014-01	19.78	28.19	0.4	93.54	1.34	93.45	
2014-02	20.33	28.97	0.42	92.13	1.35	91.85	
2014-03	16.75	23.86	0.16	60.67	0.9	59.91	
2014-04	16.17	23.1	0.11	41.56	0.81	40.35	
2014-05	14.55	20.73	-0.01	2.28	0.6	0.45	
2014-06	14.84	21.43	0.01	-7.99	0.63	-7.72	
2014-07	14.84	21.8	0	-22.63	0.64	-17.97	
2014-08	15.84	23.27	0.06	0.09	0.72	11.78	
2014-09	16.58	24.37	0.1	21.09	0.78	33.72	
2014-10	15.74	23.13	0.04	0.26	0.66	12.4	
2014-11	17.03	25.07	0.11	33.57	0.77	43.61	
2014-12	18.56	27.32	0.2	59.55	0.9	65.99	
2015-01	20.31	29.89	0.3	70.98	1.04	74.46	
2015-02	20.04	29.5	0.27	70.83	0.98	73.39	
2015-03	22.41	33	0.41	86.85	1.17	90.46	
2015-04	27.29	40.18	0.69	95.88	1.58	96.73	
2015-05	27.59	40.79	0.69	91.21	1.57	91.56	
2015-06	30.35	44.68	0.84	93.66	1.74	93.66	
2015-07	19.73	39.06	0.19	51.9	1.35	72.05	
2015-08	11.01	32.99	-0.33	-10.71	0.96	35.97	
2015-09	9.77	29.27	-0.41	-39.91	0.72	-3.48	
2015-10	9.63	29.36	-0.41	-50.51	0.7	-14.39	
2016-02	8.33	24.96	-0.49	-64.46	0.4	-71.31	
2016-03	8.56	25.65	-0.47	-68.56	0.43	-79.7	
2016-04	8.27	24.77	-0.49	-87.63	0.37	-89.06	
2016-05	8.85	26.52	-0.44	-71.68	0.46	-69.64	
2016-06	8.97	26.89	-0.43	-56.29	0.47	-54.78	
2016-07	10.01	30.11	-0.36	-31.55	0.63	-14.03	
2016-08	10.41	31.84	-0.33	-10.48	0.7	23.72	
2016-09	10.36	31.67	-0.33	0.62	0.67	41.16	
2016-10	10.19	31.17	-0.34	-10.15	0.62	35.05	
2016-11	10.12	30.94	-0.34	0.36	0.59	29.91	
2016-12	10.1	30.88	-0.34	5.76	0.57	36.65	
2017-01	10.01	30.61	-0.35	-0.79	0.53	16.82	
2017-02	10.31	31.53	-0.33	27.33	0.56	30.85	
2017-03	11.34	34.67	-0.26	66.65	0.69	77.6	
2017-04	12.07	36.91	-0.22	73.86	0.77	92.36	
2017-05	13.32	40.72	-0.14	76.52	0.92	98.04	
2017-06	14.65	44.79	-0.06	82.06	1.08	97.44	
2017-07	14.29	43.69	-0.08	76.45	0.99	87.07	
2017-08	13.4	41.72	-0.14	60.09	0.87	70.26	
2017-09	14.3	44.52	-0.09	79.85	0.97	86.73	
2017-10	16.16	50.28	0.03	94.96	1.18	96.32	
2017-11	18.47	57.5	0.17	97.57	1.44	97.73	
2017-12	18.51	57.62	0.16	92.26	1.4	92.26	
2018-01	20.93	65.14	0.31	98.05	1.65	98.05	
2018-02	20	62.24	0.25	84.88	1.48	84.94	
2018-03	19.5	60.7	0.21	78.53	1.38	78.61	
2018-04	17.42	54.22	0.08	42.26	1.09	42.46	
2018-05	18.39	57.23	0.14	44.56	1.17	44.52	
2018-06	20.16	63.58	0.25	68.93	1.37	70.4	
2018-07	18.27	57.82	0.14	27.56	1.12	37.05	
2018-08	15.58	49.3	-0.02	-21.35	0.78	-16.93	
2018-09	15.5	49.06	-0.03	-36.14	0.75	-33.41	
2018-10	13.74	43.5	-0.13	-58.88	0.54	-54.71	
2018-11	13.64	43.18	-0.14	-72.57	0.51	-71.35	
2018-12	14.05	44.48	-0.11	-74.46	0.54	-73.93	
2019-01	14.58	46.15	-0.07	-62.74	0.58	-61.85	
2019-02	16.24	51.4	0.04	-20.42	0.74	-18.75	
2019-03	16.69	52.83	0.07	3.78	0.77	6.51	
2019-04	17.67	55.91	0.14	32.44	0.85	34.91	
2019-05	16.12	51.03	0.04	13.39	0.67	15.85	
2019-06	16.49	52.2	0.07	19.64	0.69	22.27	
2019-07	17.2	54.42	0.13	49.61	0.74	52.64	
2019-08	15.46	49.79	0.02	-4.3	0.58	3.49	
2019-09	15.7	50.82	0.05	-21.03	0.59	-5.94	
2019-10	15.59	50.48	0.05	-38.79	0.57	-18.45	
2019-11	17.8	57.65	0.21	30.57	0.77	44.56	
2019-12	18.2	58.94	0.24	54.95	0.78	67.45	
2020-01	19.44	62.96	0.33	78.91	0.88	90.63	
2020-02	18.03	58.38	0.24	74.82	0.72	79.15	
2020-03	15.99	51.77	0.09	34.9	0.51	38.03	
2020-04	15.01	48.61	0.02	-17.22	0.4	-11.69	
2020-05	15.43	49.95	0.05	-30.36	0.42	-20.83	
2020-06	17.01	55.1	0.15	-7.81	0.55	3.84	
2020-07	17.81	58.38	0.2	35.88	0.62	43.98	
2020-08	22.37	74.05	0.49	70.07	1.02	74.07	
2020-09	21.83	72.25	0.44	82.1	0.95	82.87	
2020-10	23.14	76.58	0.51	90.79	1.03	91.85	
2020-11	28.35	93.84	0.83	97.53	1.44	98.21	
2020-12	27.3	90.37	0.75	88.35	1.3	88.35	
2021-01	33.27	110.12	1.1	97.5	1.74	97.5	
2021-02	32.23	106.66	1.01	89.29	1.59	89.29	
2021-03	29.45	97.48	0.82	72.44	1.32	72.44	
2021-04	32.25	106.74	0.96	88.86	1.49	88.77	
2021-05	30.2	99.94	0.82	68.15	1.29	68.01	
2021-06	27.51	91.03	0.64	27.98	1.05	28.02	
2021-07	26.01	86.1	0.54	-2.76	0.91	-2.8	
2021-08	26.88	89.36	0.58	-11.93	0.95	-9.78	
2021-09	26.92	90.34	0.57	-15.94	0.94	-9.51	
2021-10	26.43	88.71	0.53	-37.33	0.88	-33.09	
2021-11	27.06	90.82	0.55	-26.58	0.89	-20.9	
2021-12	29.54	99.13	0.68	18.79	1.03	24.42	
2022-01	29.32	98.38	0.65	33.18	0.98	37.41	
2022-02	26.3	88.26	0.46	-7.92	0.76	-2.29	
2022-03	23.04	76.08	0.28	-45.53	0.5	-47.55	
2022-04	23.97	80.45	0.32	-51.55	0.57	-57.33	
2022-05	25.5	85.56	0.39	-54.23	0.65	-56.2	
2022-06	25.32	84.98	0.38	-63.86	0.62	-56.59	
2022-07	25.78	86.53	0.4	-44.09	0.63	-35.25	
2022-08	24.03	81.12	0.3	-77.17	0.51	-71.55	
2022-09	25.67	87.78	0.39	-45.11	0.62	-21.9	
2022-10	23.28	79.61	0.25	-74.89	0.45	-51.73	
2022-11	23.3	79.69	0.25	-82.79	0.44	-70.74	
2022-12	24.69	84.42	0.32	-48.62	0.5	-32.1	
2023-01	25.96	88.79	0.38	-10.1	0.56	3.52	
2023-02	26.44	90.41	0.39	11.47	0.57	33.53	
2023-03	24.06	82.27	0.26	-14.56	0.42	1.98	
2023-04	22.79	77.93	0.19	-57.94	0.33	-36.98	
2023-05	22.37	76.49	0.16	-76.61	0.3	-57.59	
2023-06	23.21	79.38	0.2	-74.06	0.33	-69.69	
2023-07	23.28	79.62	0.2	-68.92	0.33	-68.2	
2023-08	23.59	81.09	0.22	-46.58	0.34	-43.36	
2023-09	24.14	84.62	0.24	-21.79	0.39	-3.7	
2023-10	22.71	79.62	0.17	-55.04	0.3	-22.32	
2023-11	22.32	78.24	0.15	-77.48	0.27	-62.01	
2023-12	20.68	72.48	0.07	-89.97	0.17	-76.87	
2024-01	21.63	75.84	0.13	-77.07	0.22	-71.55	
2024-02	23.63	82.85	0.23	-37.24	0.32	-24.68	
2024-03	24.2	84.83	0.25	2.51	0.34	14.63	
2024-04	27.52	96.47	0.41	44.33	0.5	56.21	
2024-05	31.02	108.73	0.57	80.04	0.67	90.05	
2024-06	29.89	104.79	0.5	82	0.59	84.68	
2024-07	26.69	93.57	0.32	61.96	0.41	61.88	
2024-08	24.88	88.6	0.23	29.1	0.32	34.42	
2024-09	26.58	96.27	0.3	25.38	0.42	41.4	
2024-10	31.16	112.84	0.5	71.68	0.64	78.07	
2024-11	28.97	104.93	0.39	67.73	0.51	72.36	
2024-12	28.76	104.17	0.36	63.64	0.49	69.64	
2025-01	27.81	100.7	0.31	40.23	0.42	49.65	
2025-02	26.88	97.36	0.25	9.28	0.36	23.21	
