month	ct_avg_Tdx收盘价	ct_avg_前复权价格	deviate_avg_100_ct_avg_Tdx收盘价	ct_avg_noise_avg_Tdx收盘价	deviate_avg_100_ct_avg_前复权价格	ct_avg_noise_avg_前复权价格
2009-05	6.04	1.27	-0.24	19.54	0	19.49	
2009-06	6.24	1.32	-0.21	38.69	0.04	40.1	
2009-07	6.54	1.43	-0.18	52.87	0.13	57.14	
2009-08	6.07	1.33	-0.23	36.86	0.05	46.94	
2009-09	5.84	1.28	-0.26	1.05	0	23.9	
2009-10	6.07	1.33	-0.23	11.78	0.04	36.83	
2009-11	6.76	1.49	-0.14	53.4	0.16	66.24	
2009-12	7.07	1.56	-0.09	71.08	0.22	76.32	
2010-01	7.22	1.59	-0.07	82.05	0.24	87.77	
2010-02	7.33	1.61	-0.05	87.14	0.25	90.95	
2010-03	7.82	1.72	0.01	96.58	0.33	97.05	
2010-04	7.76	1.71	0	86.65	0.32	86.69	
2010-05	7.05	1.55	-0.09	52.58	0.19	51.96	
2010-06	6.42	1.48	-0.17	13.25	0.14	20.3	
2010-07	6.66	1.54	-0.13	-0.34	0.18	16.76	
2010-08	6.78	1.56	-0.11	-6.66	0.19	18.1	
2010-09	6.91	1.59	-0.09	-3.62	0.21	31.49	
2010-10	7.49	1.73	-0.01	38.11	0.32	63.06	
2010-11	7.29	1.68	-0.03	45.78	0.28	64.08	
2010-12	6.72	1.55	-0.1	-11.26	0.17	11.37	
2011-01	6.47	1.49	-0.13	-53.04	0.13	-25.67	
2011-02	6.53	1.51	-0.12	-53.57	0.15	-34.82	
2011-03	6.66	1.53	-0.1	-49.88	0.17	-34.67	
2011-04	6.9	1.59	-0.06	-15.23	0.21	-0.89	
2011-05	6.83	1.58	-0.06	-3.3	0.21	9.4	
2011-06	5.78	1.4	-0.2	-63.52	0.07	-43.11	
2011-07	5.48	1.34	-0.23	-90.05	0.02	-76.53	
2011-08	5.49	1.34	-0.22	-88.01	0.03	-81.72	
2011-09	5.38	1.31	-0.23	-90.14	0.01	-89.41	
2011-10	5.45	1.33	-0.22	-83.87	0.02	-83.99	
2011-11	5.74	1.4	-0.17	-52.93	0.09	-50.04	
2011-12	5.75	1.4	-0.16	-39.41	0.09	-37.66	
2012-01	5.72	1.39	-0.16	-38.57	0.08	-35.06	
2012-02	5.94	1.45	-0.12	-2.77	0.12	7.41	
2012-03	6	1.46	-0.11	14.81	0.12	25.61	
2012-04	6	1.46	-0.1	25.63	0.12	34.51	
2012-05	6.06	1.48	-0.09	39.37	0.14	44.16	
2012-06	5.88	1.43	-0.11	21.76	0.1	21.65	
2012-07	5.22	1.35	-0.21	-32.55	0.03	-21.43	
2012-08	4.99	1.3	-0.24	-61.18	-0.01	-51.4	
2012-09	4.7	1.22	-0.28	-74.06	-0.07	-67.41	
2012-10	4.86	1.26	-0.25	-72.67	-0.04	-65.08	
2012-11	4.84	1.26	-0.25	-77.68	-0.05	-71.18	
2012-12	5.05	1.31	-0.22	-53.27	-0.01	-51.11	
2013-01	5.3	1.38	-0.18	-26.21	0.04	-11.61	
2013-02	5.47	1.42	-0.15	-0.83	0.07	17.62	
2013-03	5.41	1.41	-0.16	9.22	0.05	31.04	
2013-04	5.47	1.42	-0.15	28.03	0.05	46.97	
2013-05	5.89	1.53	-0.09	55.23	0.13	66.4	
2013-06	5.61	1.46	-0.13	50.26	0.07	57.77	
2013-07	5.16	1.42	-0.2	5.86	0.04	47.44	
2013-08	5.35	1.49	-0.17	5.88	0.09	76.58	
2013-09	5.61	1.56	-0.13	53.38	0.13	89.99	
2013-10	5.7	1.59	-0.11	66.42	0.14	91.32	
2013-11	5.77	1.61	-0.1	76.36	0.16	94.81	
2013-12	5.65	1.57	-0.12	66.68	0.12	78.94	
2014-01	5.44	1.52	-0.15	13.14	0.09	39.84	
2014-02	5.54	1.54	-0.13	14.84	0.09	43.25	
2014-03	5.38	1.5	-0.16	-26.4	0.06	10.84	
2014-04	5.66	1.58	-0.11	-1.7	0.11	29.51	
2014-05	5.61	1.56	-0.12	17.41	0.09	41.03	
2014-06	5.83	1.64	-0.08	67.99	0.15	76.52	
2014-07	5.93	1.77	-0.07	69.8	0.23	89.56	
2014-08	6.19	1.85	-0.03	88.18	0.28	91.16	
2014-09	6.11	1.82	-0.04	81.76	0.25	83.2	
2014-10	6.06	1.81	-0.05	71.73	0.23	75.3	
2014-11	6.23	1.86	-0.02	87.81	0.26	90.4	
2014-12	6.97	2.09	0.09	97.36	0.4	97.32	
2015-01	7.21	2.16	0.12	92.72	0.44	92.23	
2015-02	7.03	2.1	0.09	84.41	0.39	84.41	
2015-03	7.47	2.24	0.15	93.59	0.46	93.67	
2015-04	8.67	2.6	0.33	99.15	0.69	99.15	
2015-05	8.66	2.59	0.32	90.09	0.66	89.91	
2015-06	10.09	3.02	0.53	96.81	0.92	96.9	
2015-07	8.14	2.52	0.24	66.38	0.58	71.31	
2015-08	7.93	2.48	0.2	43.58	0.56	54.25	
2015-09	7.93	2.49	0.21	21.07	0.56	39.33	
2015-10	8.38	2.63	0.28	39.39	0.63	60.29	
2015-11	8.62	2.7	0.31	57.02	0.67	72.41	
2015-12	8.74	2.74	0.33	68.17	0.68	78.73	
2016-01	7.78	2.44	0.19	14.02	0.5	24.42	
2016-02	7.83	2.45	0.2	-16.79	0.49	-6.96	
2016-03	8.17	2.56	0.25	-15.45	0.56	-2.25	
2016-04	8.22	2.58	0.27	-7.41	0.56	12.19	
2016-05	8.41	2.63	0.3	15.35	0.59	27.76	
2016-06	8.48	2.69	0.31	35.45	0.62	47.99	
2016-07	8.65	2.85	0.34	56.38	0.71	73.94	
2016-08	9.1	2.99	0.4	76.05	0.77	86.68	
2016-09	8.89	2.92	0.37	75.67	0.72	78.79	
2016-10	9	2.96	0.38	77.79	0.72	82.14	
2016-11	9.01	2.96	0.38	78.94	0.71	82.39	
2016-12	8.76	2.88	0.33	53.13	0.65	57.75	
2017-01	8.7	2.86	0.32	22.82	0.62	34.22	
2017-02	8.88	2.92	0.34	40.03	0.63	47.87	
2017-03	9.21	3.03	0.38	74.61	0.68	77.13	
2017-04	9.66	3.18	0.44	88.99	0.75	89.39	
2017-05	9.31	3.06	0.38	81.29	0.66	79.55	
2017-06	9.58	3.15	0.41	90.87	0.69	89.85	
2017-07	9.65	3.26	0.41	87.37	0.73	95.83	
2017-08	9.61	3.3	0.4	79.97	0.74	93.44	
2017-09	9.86	3.39	0.43	91.84	0.77	94.64	
2017-10	10.09	3.46	0.45	98.27	0.77	97.95	
2017-11	9.77	3.35	0.4	73.7	0.71	76.58	
2017-12	9.78	3.36	0.39	63.48	0.7	69.05	
2018-01	10.05	3.45	0.42	86.16	0.72	86.81	
2018-02	9.81	3.37	0.38	66.49	0.66	67.86	
2018-03	9.7	3.33	0.36	33.85	0.62	38.64	
2018-04	9.31	3.2	0.3	-16.91	0.55	-8.98	
2018-05	9.57	3.29	0.33	-19.28	0.58	-13.19	
2018-06	9.39	3.22	0.31	-37.77	0.54	-27.86	
2018-07	8.98	3.17	0.25	-69.4	0.5	-49.23	
2018-08	8.64	3.11	0.2	-87.11	0.47	-72.59	
2018-09	8.94	3.22	0.24	-72.28	0.5	-45.86	
2018-10	8.94	3.22	0.23	-70.64	0.49	-37.4	
2018-11	9.44	3.4	0.3	-21.06	0.56	21.79	
2018-12	9.59	3.46	0.31	11.79	0.58	50.18	
2019-01	9.86	3.55	0.34	38.92	0.61	69.36	
2019-02	9.82	3.54	0.33	45.42	0.59	71.07	
2019-03	9.85	3.55	0.33	52	0.58	76.91	
2019-04	10.05	3.62	0.35	70.75	0.59	93.92	
2019-05	10.12	3.65	0.36	78.26	0.59	90.98	
2019-06	10.66	3.84	0.42	93.14	0.66	97.79	
2019-07	10.53	3.9	0.4	83.85	0.67	92.7	
2019-08	10.16	3.83	0.34	59.46	0.62	80.56	
2019-09	10.26	3.86	0.35	54.87	0.62	80.54	
2019-10	10.4	3.92	0.36	72.52	0.63	88.94	
2019-11	10.53	3.96	0.37	78.4	0.62	90.65	
2019-12	10.96	4.13	0.41	89.41	0.67	95.58	
2020-01	11.39	4.29	0.46	95.93	0.72	98.27	
2020-02	10.61	4	0.35	66.74	0.59	69.24	
2020-03	10.02	3.77	0.27	14.12	0.48	23.3	
2020-04	9.98	3.76	0.26	-9.61	0.46	-0.17	
2020-05	10.25	3.86	0.28	-7.94	0.49	1.54	
2020-06	9.98	3.76	0.24	-38.13	0.44	-30.13	
2020-07	10.09	3.8	0.25	-31.79	0.44	-26.75	
2020-08	9.92	3.79	0.22	-53.78	0.42	-29.12	
2020-09	9.48	3.74	0.16	-86.16	0.39	-56.21	
2020-10	9.35	3.69	0.14	-91.13	0.36	-78.01	
2020-11	9.48	3.74	0.15	-82.31	0.37	-67.26	
2020-12	9.36	3.69	0.13	-85.13	0.34	-63.08	
2021-01	9.14	3.6	0.1	-93.48	0.29	-90.36	
2021-02	9.08	3.58	0.09	-90.83	0.28	-90.48	
2021-03	9.53	3.76	0.13	-54.39	0.33	-47.32	
2021-04	9.93	3.92	0.17	-5.91	0.38	9.1	
2021-05	10.15	4	0.19	24.85	0.39	41.47	
2021-06	9.96	3.93	0.16	28.23	0.35	54.17	
2021-07	9.23	3.74	0.07	-11.16	0.28	17.82	
2021-08	8.52	3.53	-0.01	-54.91	0.2	-30.68	
2021-09	8.82	3.66	0.02	-63.88	0.23	-37.72	
2021-10	8.58	3.56	-0.01	-78.29	0.19	-56.36	
2021-11	8.35	3.46	-0.04	-87.34	0.15	-69.11	
2021-12	8.54	3.54	-0.02	-72.55	0.17	-56.56	
2022-01	8.78	3.64	0	-48.12	0.19	-35.1	
2022-02	9.15	3.79	0.04	-21.37	0.23	1	
2022-03	8.63	3.55	-0.02	-38.21	0.15	-31.71	
2022-04	8.38	3.48	-0.05	-65.37	0.12	-61.56	
2022-05	8.16	3.38	-0.08	-74.25	0.08	-74.62	
2022-06	8.34	3.46	-0.07	-67.94	0.1	-70.88	
2022-07	8.22	3.4	-0.08	-81.08	0.07	-80.53	
2022-08	7.63	3.32	-0.15	-95.19	0.04	-90.18	
2022-09	7.47	3.28	-0.17	-93.03	0.02	-89.16	
2022-10	7.3	3.21	-0.19	-94.03	0	-92.47	
2022-11	7.74	3.41	-0.14	-70.9	0.05	-57.27	
2022-12	8.16	3.59	-0.1	-29.91	0.1	-3.49	
2023-01	8.34	3.67	-0.08	2.29	0.12	32.53	
2023-02	8.21	3.62	-0.1	5.67	0.1	38.84	
2023-03	8.6	3.79	-0.06	36.45	0.15	64.91	
2023-04	8.66	3.81	-0.05	44.5	0.14	73.68	
2023-05	9.71	4.27	0.06	67.55	0.27	88.7	
2023-06	9.67	4.26	0.05	80.58	0.26	90.89	
2023-07	9.72	4.31	0.06	88.05	0.27	94.94	
2023-08	9.53	4.4	0.03	76.36	0.29	92.66	
2023-09	9.97	4.61	0.08	85.63	0.34	96.25	
2023-10	10.18	4.7	0.1	91.6	0.36	92.44	
2023-11	9.85	4.55	0.07	73.13	0.31	78	
2023-12	10.4	4.8	0.12	92.52	0.38	92.73	
2024-01	11.11	5.13	0.2	98.01	0.46	98.09	
2024-02	12.02	5.55	0.29	98.85	0.56	98.79	
2024-03	11.73	5.42	0.25	88.69	0.52	88.82	
2024-04	11.6	5.36	0.24	81.88	0.49	82.01	
2024-05	11.64	5.38	0.23	79.69	0.48	79.78	
2024-06	12.09	5.59	0.28	92.53	0.53	92.29	
2024-07	13.05	6.06	0.37	94.45	0.64	95.61	
2024-08	13.75	6.58	0.44	98.25	0.76	98.94	
2024-09	13.91	6.66	0.44	90.79	0.76	90.93	
2024-10	12.98	6.22	0.34	70.09	0.63	73.12	
2024-11	13.22	6.33	0.36	63.9	0.64	69.98	
2024-12	14.45	6.92	0.48	89.21	0.78	91.48	
2025-01	14.91	7.14	0.52	91.62	0.82	91.86	
2025-02	14.2	6.8	0.44	77.86	0.71	78.04	
