month	ct_avg_Tdx收盘价	ct_avg_前复权价格	deviate_avg_100_ct_avg_Tdx收盘价	ct_avg_noise_avg_Tdx收盘价	deviate_avg_100_ct_avg_前复权价格	ct_avg_noise_avg_前复权价格
2012-06	5.23	2.08	-0.49	-83.59	-0.3	-78.71	
2012-07	6.97	2.76	-0.32	-4.95	-0.07	-1.87	
2012-08	6.31	2.5	-0.38	9.32	-0.17	11.65	
2012-09	5.69	2.26	-0.44	-17.72	-0.25	-10.76	
2012-10	5.55	2.2	-0.46	-39.34	-0.27	-34.32	
2012-11	5.51	2.19	-0.46	-48.5	-0.28	-44.44	
2012-12	6.62	2.63	-0.35	16.96	-0.14	24.87	
2013-01	6.46	2.56	-0.36	47.01	-0.17	48.13	
2013-02	6.43	2.55	-0.37	53.75	-0.18	53.81	
2013-03	5.93	2.35	-0.41	14.97	-0.25	14.97	
2013-04	5.59	2.22	-0.45	-26.69	-0.29	-26.49	
2013-05	5.93	2.37	-0.41	-18.06	-0.25	-15.54	
2013-06	5.48	2.21	-0.46	-42.86	-0.3	-33.67	
2013-07	5.7	2.3	-0.43	-56.76	-0.28	-47.28	
2013-08	5.71	2.3	-0.43	-60.39	-0.28	-51.38	
2013-09	6.09	2.45	-0.39	-2.96	-0.24	12.03	
2013-10	7.07	2.85	-0.29	48.21	-0.12	62.9	
2013-11	7.25	2.92	-0.27	81.16	-0.11	85.16	
2013-12	8.19	3.31	-0.18	89.29	0.01	90.58	
2014-01	8.97	3.62	-0.1	95.54	0.09	96.34	
2014-02	9.42	3.8	-0.05	94.75	0.13	94.92	
2014-03	9.06	3.65	-0.09	83.38	0.08	83.33	
2014-04	8.83	3.56	-0.11	76.96	0.05	76.83	
2014-05	8.7	3.51	-0.12	60.58	0.02	60.49	
2014-06	9.23	3.79	-0.06	79.46	0.1	83.39	
2014-07	9.97	4.15	0.02	89.99	0.19	91.85	
2014-08	10.19	4.25	0.04	94.98	0.21	95.58	
2014-09	9.87	4.11	0.01	78.23	0.16	78.83	
2014-10	9.46	3.93	-0.03	53.82	0.1	57.44	
2014-11	9.43	3.88	-0.03	36.16	0.08	37.28	
2014-12	9.43	3.87	-0.04	35.29	0.07	32.45	
2015-01	10.2	4.23	0.04	57.41	0.17	56.47	
2015-05	17.88	6.66	0.81	94.58	0.78	94.06	
2015-06	19.99	8.3	1	92.56	1.19	92.47	
2015-07	12.5	5.02	0.25	65.76	0.32	57.72	
2015-08	12.56	5.22	0.26	54.8	0.37	47.62	
2015-09	10.48	4.35	0.06	9.38	0.15	2.9	
2015-10	11.75	4.92	0.2	10.34	0.3	7.04	
2015-11	13.28	5.52	0.37	35.16	0.46	29.29	
2015-12	13.86	5.76	0.45	51.04	0.52	50.5	
2016-01	11.95	4.96	0.25	14.15	0.31	10.63	
2016-02	12.99	5.67	0.36	-2.97	0.5	29.7	
2016-05	9.92	5.42	0.04	-2.91	0.42	18.2	
2016-06	6.49	5.44	-0.31	-62.72	0.44	6.11	
2016-07	6.48	5.43	-0.31	-74.66	0.44	1.57	
2016-08	6.21	5.23	-0.34	-85.22	0.39	-32.34	
2016-09	6.14	5.15	-0.34	-90.67	0.38	-38.7	
2016-10	6.08	5.1	-0.34	-93.64	0.37	-54.3	
2016-11	6.27	5.26	-0.31	-72.69	0.42	-41.15	
2016-12	6.54	5.48	-0.27	-47.77	0.48	2.19	
2017-01	6.27	5.26	-0.29	-57.59	0.41	-26.84	
2017-02	6.17	5.17	-0.29	-74.11	0.38	-66.77	
2017-03	6.33	5.31	-0.26	-46.43	0.4	-40.1	
2017-04	6.47	5.42	-0.24	-4.51	0.42	10.57	
2017-05	5.9	4.95	-0.3	-39.73	0.29	-28.21	
2017-06	5.49	4.64	-0.35	-86.93	0.21	-86.28	
2017-07	6.08	5.17	-0.28	-67.73	0.34	-63.61	
2017-08	7.17	6.1	-0.15	0.93	0.57	17.58	
2017-09	8.72	7.41	0.03	61.57	0.9	86.27	
2017-10	9.76	8.31	0.15	82.83	1.1	97.06	
2017-11	12	10.21	0.41	88.84	1.54	97.97	
2017-12	11.6	9.86	0.36	82.57	1.42	89.12	
2018-01	12.22	10.39	0.43	85.59	1.5	89.69	
2018-02	10	8.5	0.17	59.05	1.02	60.36	
2018-03	10.36	8.81	0.21	51.34	1.07	51.34	
2018-04	11.01	9.37	0.29	53.03	1.17	53.13	
2018-05	12.11	10.43	0.41	75.37	1.39	76.34	
2018-06	7.42	6.39	-0.13	0.04	0.46	2.81	
2018-07	6.49	5.6	-0.24	-41.48	0.28	-40.54	
2018-08	6.26	5.4	-0.26	-58.73	0.23	-58.27	
2018-09	6.46	5.56	-0.24	-62.83	0.26	-61.98	
2018-10	5.79	4.99	-0.31	-81.94	0.12	-81.7	
2018-11	7.84	6.76	-0.06	-44.81	0.51	-43.63	
2018-12	8.74	7.53	0.05	-4.51	0.67	-3.7	
2019-01	9.2	7.93	0.11	16.27	0.74	17.61	
2019-02	11.96	10.31	0.43	46.84	1.23	49.23	
2019-03	12.03	10.37	0.43	56.59	1.21	56.97	
2019-04	13.76	11.85	0.63	72.28	1.48	72.49	
2019-05	15.14	13.1	0.78	84.24	1.7	85.8	
2019-06	14.35	12.5	0.68	78.95	1.53	80.45	
2019-07	13.87	12.08	0.61	70.5	1.4	72.67	
2019-08	13.9	12.11	0.61	64.04	1.37	65.87	
2019-09	14.36	12.51	0.65	74.82	1.4	76.61	
2019-10	12.66	11.03	0.45	24.26	1.09	25.89	
2019-11	12.48	10.88	0.43	1.7	1.03	4.04	
2019-12	13.28	11.57	0.51	7.75	1.12	9.7	
2020-01	14.37	12.52	0.63	39.84	1.26	41.13	
2020-02	16.86	14.69	0.89	55.31	1.59	56.65	
2020-03	14.17	12.34	0.58	55.8	1.14	56.37	
2020-04	12.7	11.07	0.4	7.48	0.89	8.04	
2020-05	14.11	12.33	0.55	20.54	1.07	23.36	
2020-06	15.18	13.41	0.65	35.27	1.21	43.08	
2020-07	21.72	19.19	1.33	86.14	2.07	87.58	
2020-08	24.11	21.29	1.54	90.35	2.31	90.48	
2020-09	24.77	21.88	1.55	93.87	2.3	93.87	
2020-10	29.46	26.02	1.96	97.38	2.78	97.32	
2020-11	31.58	27.9	2.09	96.43	2.91	96.43	
2020-12	33.6	29.68	2.2	92.31	3.01	92.31	
2021-01	42.22	37.29	2.89	96.61	3.81	96.61	
2021-02	48.32	42.68	3.28	97.26	4.24	97.26	
2021-03	34.39	30.38	1.97	65.92	2.6	65.92	
2021-04	33.33	29.45	1.82	48.34	2.39	48.39	
2021-05	38.79	34.35	2.19	68.2	2.81	68.45	
2021-06	37.03	32.91	1.97	51.02	2.53	52.89	
2021-07	41.82	37.17	2.26	79.75	2.84	80.8	
2021-08	50.59	44.96	2.81	90.42	3.45	90.83	
2021-09	53.48	47.53	2.89	88.66	3.51	88.75	
2021-10	54.69	48.61	2.84	90.85	3.41	90.96	
2021-11	48.96	43.51	2.34	68.87	2.81	68.91	
2021-12	44.8	39.82	1.97	41.38	2.37	41.58	
2022-01	40.79	36.25	1.65	2.26	1.99	2.3	
2022-02	39.92	35.48	1.53	-14.45	1.85	-14.34	
2022-03	43.23	38.88	1.68	-4.7	2.03	-0.85	
2022-04	39.46	35.07	1.4	-30.5	1.67	-32.14	
2022-05	42.67	38.01	1.53	-20.07	1.82	-21.76	
2022-06	53.48	48.52	2.09	37.33	2.48	40.05	
2022-07	59.24	53.75	2.32	66.24	2.72	66.67	
2022-08	54.32	49.28	1.97	61.22	2.31	61.03	
2022-09	51.44	46.67	1.75	47.11	2.04	48.47	
2022-10	47.46	43.06	1.48	14.06	1.74	21.43	
2022-11	44.8	40.65	1.3	-15.75	1.53	-6.78	
2022-12	40.64	36.88	1.05	-39.37	1.25	-34.82	
2023-01	40.22	36.49	1	-45.93	1.18	-43.19	
2023-02	40.98	37.18	1.01	-49.06	1.18	-47.28	
2023-03	39.49	35.83	0.9	-58.93	1.06	-58.23	
2023-04	39.65	35.98	0.89	-67.39	1.03	-66.64	
2023-05	38.28	34.86	0.8	-87.28	0.94	-86.65	
2023-06	33.26	32.7	0.54	-92.72	0.79	-90.4	
2023-07	33.91	33.35	0.56	-89.63	0.79	-87.12	
2023-08	33.36	32.8	0.51	-85.13	0.74	-81.37	
2023-09	31.32	30.79	0.41	-97.46	0.61	-97.46	
2023-10	29.81	29.31	0.33	-95.22	0.52	-95.11	
2023-11	26.67	26.23	0.18	-98.17	0.34	-98.13	
2023-12	23.55	23.16	0.04	-97.49	0.18	-97.45	
2024-01	25.2	24.78	0.11	-81.09	0.24	-81.09	
2024-02	25.55	25.12	0.12	-76.98	0.25	-77.04	
2024-03	26.43	25.99	0.15	-61.18	0.28	-61.14	
2024-04	23.42	23.03	0.01	-85.49	0.12	-85.63	
2024-05	22.51	22.13	-0.03	-89.24	0.07	-89.2	
2024-06	21.12	21.27	-0.09	-93.7	0.02	-93.14	
2024-07	17.71	18.16	-0.24	-96.62	-0.13	-96.62	
2024-08	18.62	19.1	-0.2	-85.92	-0.09	-85.84	
2024-09	18.98	19.47	-0.19	-78.29	-0.08	-77.87	
2024-10	23.92	24.54	0.01	-41.52	0.15	-36.16	
2024-11	28.28	29.01	0.19	0.72	0.34	8.25	
2024-12	24.42	25.05	0.02	5.11	0.15	11.73	
2025-01	20.88	21.42	-0.14	-29.51	-0.03	-22.87	
