month	ct_avg_Tdx收盘价	ct_avg_前复权价格	deviate_avg_100_ct_avg_Tdx收盘价	ct_avg_noise_avg_Tdx收盘价	deviate_avg_100_ct_avg_前复权价格	ct_avg_noise_avg_前复权价格
2015-07	8.97	1	0.56	91.03	0.82	90.8	
2015-08	7.12	0.79	0.24	53.1	0.44	53.02	
2015-09	6.1	0.68	0.08	6.12	0.24	6.07	
2015-10	6.32	0.71	0.12	-10.71	0.31	-9.66	
2015-11	7.35	0.82	0.31	9.78	0.52	11.14	
2015-12	7.48	0.84	0.34	27.99	0.56	27.79	
2016-01	6.19	0.69	0.12	-30.62	0.28	-30.85	
2016-02	5.59	0.63	0.02	-59.64	0.17	-60	
2016-03	5.91	0.66	0.09	-62.58	0.25	-63.2	
2016-04	5.98	0.67	0.11	-63.53	0.26	-63.71	
2016-05	5.63	0.63	0.05	-82.86	0.19	-81.97	
2016-06	5.63	0.63	0.06	-81.29	0.19	-81.29	
2016-07	5.92	0.67	0.12	-57.65	0.26	-59.14	
2016-08	6.26	0.72	0.19	-24.65	0.36	-12.42	
2016-09	6.04	0.7	0.14	-19.73	0.32	-5.53	
2016-10	6.05	0.7	0.15	-12.17	0.32	-0.28	
2016-11	6.42	0.74	0.21	15.67	0.4	31.45	
2016-12	6.68	0.77	0.26	46.27	0.43	51.5	
2017-01	6.82	0.79	0.28	61.06	0.46	65.77	
2017-02	6.94	0.8	0.3	75.2	0.48	77.53	
2017-03	6.74	0.78	0.26	64.83	0.42	66.42	
2017-04	6.39	0.74	0.18	32.49	0.35	37.6	
2017-05	5.99	0.69	0.11	-18.66	0.25	-12.14	
2017-06	6.16	0.71	0.13	-28.49	0.27	-23.34	
2017-07	6.6	0.77	0.21	0.21	0.38	6.63	
2017-08	6.47	0.77	0.18	18.01	0.35	43.52	
2017-09	6.42	0.77	0.17	14.33	0.35	51.19	
2017-10	6.35	0.76	0.16	-16.96	0.33	34.29	
2017-11	6.21	0.74	0.13	-51.95	0.3	-3.57	
2017-12	6.26	0.75	0.14	-49.62	0.32	3.15	
2018-01	6.92	0.83	0.26	11.04	0.43	39.53	
2018-02	7.22	0.86	0.31	63.87	0.48	74.52	
2018-03	6.65	0.79	0.2	61	0.36	64	
2018-04	6.4	0.76	0.16	20.29	0.31	25.5	
2018-05	6.61	0.79	0.2	43.38	0.34	44.24	
2018-06	6.24	0.75	0.14	-9.78	0.27	-4.69	
2018-07	5.97	0.74	0.09	-48.01	0.25	-37.26	
2018-08	5.88	0.73	0.07	-62.27	0.24	-53.1	
2018-09	5.86	0.73	0.07	-74.48	0.24	-62.03	
2018-10	5.8	0.73	0.06	-79.31	0.24	-66.67	
2018-11	5.75	0.72	0.05	-87.86	0.2	-69.81	
2018-12	5.54	0.69	0.01	-97.68	0.15	-87.9	
2019-01	5.49	0.68	0	-89.49	0.13	-85.59	
2019-02	5.92	0.74	0.08	-57.86	0.23	-53.81	
2019-03	6.43	0.8	0.17	-3.4	0.33	7.57	
2019-04	6.42	0.8	0.17	30.06	0.31	36.9	
2019-05	5.87	0.73	0.07	-4.46	0.2	6.38	
2019-06	5.94	0.74	0.08	-14.19	0.21	-0.19	
2019-07	5.92	0.75	0.07	-10.13	0.23	12.11	
2019-08	5.61	0.73	0.02	-51.46	0.18	-17.29	
2019-09	5.73	0.74	0.04	-51.79	0.19	-15.8	
2019-10	6.11	0.79	0.1	-8.23	0.27	40.62	
2019-11	6.15	0.8	0.11	26.45	0.27	63.95	
2019-12	6.08	0.79	0.09	29.63	0.25	67.94	
2020-01	6.05	0.79	0.08	40.62	0.25	67.08	
2020-02	5.57	0.73	0	-36.56	0.14	-0.18	
2020-03	5.36	0.7	-0.04	-75.89	0.09	-36.04	
2020-04	5.13	0.67	-0.09	-92.56	0.05	-67.52	
2020-05	5.08	0.66	-0.1	-93.65	0.03	-79.17	
2020-06	5.08	0.66	-0.1	-91.65	0.02	-78.57	
2020-07	5.46	0.73	-0.03	-54.85	0.12	-36.02	
2020-08	5.26	0.71	-0.07	-62.88	0.09	-31.46	
2020-09	5.11	0.69	-0.1	-79.38	0.05	-45.86	
2020-10	5.18	0.7	-0.08	-70.81	0.06	-30.52	
2020-11	5.16	0.7	-0.09	-73.17	0.06	-31.21	
2020-12	5.14	0.7	-0.1	-64.6	0.06	-25.47	
2021-01	5.14	0.7	-0.1	-70.8	0.04	-28.48	
2021-02	5.29	0.72	-0.08	-17.92	0.07	9.64	
2021-03	5.32	0.72	-0.07	8.42	0.06	28.03	
2021-04	5.33	0.72	-0.07	34.52	0.06	49.58	
2021-05	5.28	0.72	-0.08	33.63	0.06	43.5	
2021-06	5.18	0.7	-0.1	3.74	0.03	6.16	
2021-07	5.01	0.68	-0.13	-45.66	-0.01	-42.09	
2021-08	4.59	0.66	-0.2	-81.49	-0.04	-62.46	
2021-09	4.66	0.67	-0.19	-86.61	-0.03	-66.16	
2021-10	4.61	0.66	-0.2	-90.96	-0.04	-72.94	
2021-11	4.51	0.65	-0.22	-96.51	-0.07	-80.64	
2021-12	4.56	0.65	-0.21	-80.98	-0.07	-72.86	
2022-01	4.7	0.67	-0.19	-51.55	-0.04	-42.95	
2022-02	4.75	0.68	-0.18	-35.27	-0.03	-15.07	
2022-03	4.67	0.66	-0.2	-51.25	-0.07	-49.26	
2022-04	5.05	0.72	-0.13	13.96	0.01	22.41	
2022-05	4.65	0.67	-0.2	-17.01	-0.06	-0.24	
2022-06	4.74	0.68	-0.19	-12.03	-0.04	2.42	
2022-07	4.66	0.67	-0.2	-25.59	-0.06	-5.91	
2022-08	4.33	0.66	-0.26	-60.68	-0.08	-28.45	
2022-09	4.59	0.7	-0.21	-54.21	-0.03	38.69	
2022-10	4.55	0.7	-0.22	-46.48	-0.03	53.79	
2022-11	4.66	0.71	-0.2	-39.12	-0.01	46.71	
2022-12	4.99	0.76	-0.15	33.24	0.04	80.32	
2023-01	5.06	0.77	-0.14	55.3	0.05	87.11	
2023-02	4.94	0.76	-0.16	49.29	0.04	76.11	
2023-03	5.3	0.81	-0.1	72.71	0.11	90.92	
2023-04	5.89	0.9	0.01	91.73	0.22	96.38	
2023-05	6.95	1.06	0.19	94.38	0.43	94.02	
2023-06	6.28	0.96	0.08	80.27	0.3	80.4	
2023-07	5.92	0.93	0.02	64.92	0.26	70.92	
2023-08	5.64	0.91	-0.03	39.17	0.23	57.1	
2023-09	5.67	0.92	-0.02	28.03	0.24	50.4	
2023-10	5.66	0.92	-0.02	20.9	0.24	46.95	
2023-11	5.42	0.88	-0.05	-15.34	0.19	6.58	
2023-12	5.29	0.86	-0.07	-37.29	0.16	-18.62	
2024-01	5.71	0.93	0	-10.07	0.26	10.88	
2024-02	6.36	1.03	0.12	37.76	0.37	55.93	
2024-03	6.3	1.02	0.11	53.66	0.36	66.75	
2024-04	6.77	1.1	0.19	69.37	0.47	81.79	
2024-05	7.06	1.15	0.24	76.43	0.51	89.51	
2024-06	6.67	1.08	0.17	66.92	0.42	75.99	
2024-07	6.5	1.09	0.14	55.55	0.42	71.12	
2024-08	6.39	1.09	0.12	42.9	0.42	61.41	
2024-09	6.09	1.04	0.06	11.7	0.35	31.39	
2024-10	6.76	1.15	0.18	47.52	0.47	70.29	
2024-11	6.7	1.14	0.17	56.97	0.46	79.04	
2024-12	6.98	1.21	0.21	73.66	0.53	91.19	
2025-01	6.7	1.17	0.17	59.87	0.48	79.22	
