month	ct_avg_Tdx收盘价	ct_avg_前复权价格	deviate_avg_100_ct_avg_Tdx收盘价	ct_avg_noise_avg_Tdx收盘价	deviate_avg_100_ct_avg_前复权价格	ct_avg_noise_avg_前复权价格
2008-10	3.81	1.03	-0.73	-96.79	-0.31	-96.61	
2008-11	3.62	0.98	-0.74	-90.89	-0.35	-90.67	
2008-12	3.72	1.01	-0.73	-84.62	-0.33	-84.78	
2009-01	3.55	0.96	-0.74	-88.27	-0.36	-88.87	
2009-02	4.11	1.11	-0.7	-57.81	-0.26	-57.86	
2009-03	4.35	1.18	-0.67	-40.83	-0.21	-40.1	
2009-04	5.67	1.54	-0.57	10.84	0.02	11.73	
2009-05	5.78	1.56	-0.56	29.31	0.03	30.41	
2009-06	5.69	1.55	-0.56	35.55	0.02	36.65	
2009-07	5.98	1.64	-0.53	55.13	0.08	57.61	
2009-08	5.85	1.61	-0.53	56.67	0.05	59.35	
2009-09	5.46	1.5	-0.56	32.44	-0.02	34.37	
2009-10	5.33	1.47	-0.56	11.55	-0.04	14.45	
2009-11	5.69	1.56	-0.52	24.45	0.02	37.12	
2009-12	5.7	1.57	-0.52	38.24	0.02	48.52	
2010-01	5.77	1.59	-0.51	54.42	0.03	60.09	
2010-02	5.48	1.51	-0.53	12.86	-0.03	18.69	
2010-03	5.61	1.54	-0.51	10.91	-0.01	16.65	
2010-04	5.37	1.48	-0.53	-27.25	-0.05	-20.54	
2010-05	4.59	1.27	-0.59	-66.35	-0.19	-62.1	
2010-06	4.21	1.16	-0.62	-85.43	-0.26	-83.83	
2010-07	3.94	1.11	-0.64	-85.67	-0.29	-83.97	
2010-08	4.21	1.19	-0.61	-72.93	-0.24	-70.01	
2010-09	4.37	1.23	-0.59	-62.22	-0.22	-58.13	
2010-10	4.52	1.28	-0.57	-51.38	-0.19	-43.52	
2010-11	4.26	1.2	-0.59	-56.76	-0.24	-51.58	
2010-12	3.93	1.11	-0.61	-84.67	-0.3	-78.84	
2011-01	4.11	1.16	-0.59	-69.91	-0.27	-68.12	
2011-02	4.48	1.26	-0.55	-27.26	-0.21	-21.49	
2011-03	4.24	1.2	-0.57	-33.85	-0.25	-30.09	
2011-04	4.21	1.19	-0.56	-36.61	-0.26	-38.3	
2011-05	4.08	1.15	-0.57	-64.55	-0.28	-61.78	
2011-06	3.89	1.1	-0.59	-75.13	-0.31	-75	
2011-07	3.9	1.12	-0.58	-79.51	-0.3	-72.24	
2011-08	3.55	1.03	-0.61	-95.11	-0.36	-88.2	
2011-09	3.25	0.94	-0.64	-96.83	-0.41	-95.92	
2011-10	3.07	0.89	-0.66	-94.25	-0.44	-93.19	
2011-11	3.1	0.9	-0.65	-91.35	-0.43	-90.46	
2011-12	2.78	0.81	-0.68	-99.27	-0.49	-98.17	
2012-01	2.76	0.8	-0.68	-90.12	-0.49	-89.94	
2012-02	2.95	0.86	-0.65	-72.63	-0.46	-71.92	
2012-03	2.98	0.87	-0.65	-59.82	-0.45	-59.33	
2012-04	2.99	0.87	-0.64	-50.73	-0.45	-50	
2012-05	2.9	0.84	-0.65	-68.84	-0.46	-65.42	
2012-06	2.71	0.79	-0.67	-86.87	-0.49	-85.76	
2012-07	2.58	0.77	-0.68	-92.05	-0.5	-87.74	
2012-08	2.52	0.77	-0.68	-93.17	-0.5	-87.96	
2012-09	2.46	0.75	-0.68	-95.22	-0.51	-90.8	
2012-10	2.46	0.75	-0.68	-88.79	-0.51	-85.47	
2012-11	2.47	0.75	-0.67	-83.28	-0.51	-77.27	
2012-12	2.54	0.77	-0.66	-60.8	-0.49	-56.72	
2013-01	2.74	0.83	-0.63	-18.35	-0.45	-8.93	
2013-02	2.9	0.88	-0.6	12.98	-0.41	19.52	
2013-03	2.73	0.83	-0.61	12.24	-0.44	20.49	
2013-04	2.68	0.81	-0.61	8.93	-0.45	16.57	
2013-05	2.78	0.84	-0.59	27.88	-0.43	35.55	
2013-06	2.66	0.81	-0.6	22.9	-0.45	30.67	
2013-07	2.57	0.79	-0.61	-21	-0.46	-12.66	
2013-08	2.82	0.9	-0.56	-24.27	-0.38	7.06	
2013-09	6.07	1.94	-0.03	91.02	0.34	95.16	
2013-10	5.3	1.7	-0.15	85.76	0.17	85.86	
2013-11	4.77	1.53	-0.22	77.42	0.06	77.55	
2013-12	5.21	1.67	-0.13	86.77	0.15	86.77	
2014-01	4.97	1.59	-0.16	68.96	0.1	69.52	
2014-02	5.03	1.61	-0.14	66.3	0.11	66.41	
2014-03	4.58	1.46	-0.21	34.91	0.01	35.5	
2014-04	4.65	1.48	-0.19	27.13	0.02	27.13	
2014-05	4.6	1.47	-0.19	3.93	0.01	4.87	
2014-06	4.49	1.44	-0.2	-14.64	-0.01	-13.57	
2014-07	4.48	1.44	-0.19	-25.54	-0.01	-22.59	
2014-08	4.63	1.52	-0.16	-3.23	0.05	12.84	
2014-09	4.86	1.71	-0.1	12.5	0.19	48.68	
2014-11	5.8	1.81	0.09	45.34	0.27	67.81	
2014-12	6.33	2.08	0.22	73.91	0.45	84.71	
2015-01	6.43	2.11	0.26	75.13	0.48	90.85	
2015-02	6.45	2.12	0.29	80.54	0.48	90.95	
2015-03	7.13	2.34	0.42	98.21	0.62	97.93	
2015-04	9.07	2.98	0.79	99.19	1.06	99.11	
2015-05	9.56	3.17	0.87	91.34	1.17	92.28	
2015-06	9.46	3.16	0.85	88.86	1.15	89.58	
2015-07	7.72	2.58	0.51	55.32	0.74	57.22	
2015-08	7.47	2.49	0.46	32.48	0.69	34.86	
2015-09	7.34	2.45	0.44	11.07	0.67	11.97	
2015-10	7.33	2.45	0.45	1.21	0.67	2.15	
2015-11	7.32	2.45	0.46	-10.08	0.67	-8.21	
2015-12	6.75	2.25	0.35	-39.32	0.53	-39.17	
2016-01	5.36	1.79	0.08	-61.39	0.23	-60.22	
2016-02	4.78	1.6	-0.03	-71.43	0.1	-70.48	
2016-03	5.1	1.7	0.05	-73.41	0.18	-72.44	
2016-04	5.16	1.72	0.07	-71.25	0.19	-70.76	
2016-05	5.06	1.69	0.06	-77.89	0.18	-77.81	
2016-06	5.09	1.7	0.07	-72.54	0.19	-72.05	
2016-07	5.29	1.79	0.12	-42.6	0.26	-41.49	
2016-08	5.28	1.81	0.12	-36.37	0.27	-27.41	
2016-09	5.23	1.8	0.12	-32.19	0.27	-15.04	
2016-10	5.19	1.79	0.11	-30.92	0.25	-11.61	
2016-11	5.25	1.81	0.12	-16.88	0.27	-2.11	
2016-12	5.16	1.77	0.1	-24.03	0.23	-4.5	
2017-01	5.29	1.82	0.13	-3.87	0.26	10.91	
2017-02	5.73	1.97	0.22	43.1	0.36	51.39	
2017-03	5.78	1.99	0.22	63.04	0.36	64.67	
2017-04	6.04	2.08	0.27	73.81	0.41	73.16	
2017-05	6.04	2.08	0.27	68.53	0.4	69.69	
2017-06	6.23	2.14	0.3	82.8	0.43	85.27	
2017-07	6.6	2.3	0.37	91.84	0.52	92.6	
2017-08	6.5	2.29	0.34	79.74	0.51	85.02	
2017-09	6.59	2.32	0.36	88.78	0.53	92.65	
2017-10	7.36	2.59	0.51	97.58	0.69	97.9	
2017-11	7.77	2.73	0.59	93.02	0.77	92.9	
2017-12	7.11	2.5	0.45	72.58	0.61	72.92	
2018-01	7.17	2.52	0.46	68.39	0.62	68.71	
2018-02	7.31	2.57	0.48	75.3	0.64	75.18	
2018-03	7.33	2.58	0.48	70.37	0.63	70.82	
2018-04	7.11	2.5	0.43	42.51	0.57	42.56	
2018-05	6.72	2.37	0.35	-4.1	0.48	-3.45	
2018-06	6.18	2.22	0.24	-33.44	0.38	-31.47	
2018-07	6.02	2.18	0.21	-50.04	0.35	-45.41	
2018-08	5.77	2.09	0.16	-71.86	0.29	-67.94	
2018-09	5.25	1.9	0.05	-86.04	0.17	-84.07	
2018-10	5.19	1.88	0.04	-84.23	0.15	-83.58	
2018-11	5.59	2.02	0.12	-68.1	0.23	-67.37	
2018-12	5.37	1.94	0.07	-77.37	0.18	-75.62	
2019-01	5.3	1.92	0.05	-84.05	0.16	-83.24	
2019-02	5.68	2.06	0.13	-47.92	0.23	-46.96	
2019-03	6.91	2.5	0.36	10.97	0.49	12.8	
2019-04	8.29	3	0.62	48.73	0.76	50.89	
2019-05	7.41	2.68	0.44	52.05	0.57	53.66	
2019-06	6.76	2.45	0.31	46.29	0.42	48.26	
2019-07	6.82	2.52	0.31	45.57	0.45	52.99	
2019-08	6.1	2.26	0.17	14.69	0.29	22.08	
2019-09	5.98	2.21	0.14	-23.31	0.26	-15.49	
2019-10	5.82	2.15	0.11	-48.46	0.21	-41.91	
2019-11	5.69	2.1	0.08	-55.87	0.18	-52.81	
2019-12	5.7	2.11	0.08	-58.48	0.18	-55.11	
2020-01	5.64	2.08	0.06	-61.22	0.16	-60.21	
2020-02	4.74	1.75	-0.11	-85.36	-0.03	-83.17	
2020-03	4.57	1.69	-0.14	-92.17	-0.07	-91.32	
2020-04	4.31	1.6	-0.19	-97.45	-0.13	-96.51	
2020-05	4.07	1.51	-0.24	-99.21	-0.17	-99.01	
2020-06	4.2	1.55	-0.22	-85.36	-0.16	-85.13	
2020-07	4.57	1.69	-0.15	-60.05	-0.09	-60.13	
2020-08	4.51	1.72	-0.16	-52.42	-0.08	-41.71	
2020-09	4.33	1.65	-0.2	-67.01	-0.12	-51.26	
2020-10	4.26	1.63	-0.22	-76.95	-0.13	-57.2	
2020-11	4.55	1.73	-0.17	-35.88	-0.08	-16.24	
2020-12	4.53	1.73	-0.17	-4.77	-0.08	7.76	
2021-01	4.66	1.78	-0.15	19.38	-0.06	31.07	
2021-02	4.56	1.74	-0.17	5.48	-0.09	17.44	
2021-03	4.81	1.83	-0.13	51.2	-0.05	58.19	
2021-04	4.63	1.77	-0.17	42.6	-0.08	45.58	
2021-05	4.77	1.82	-0.15	56.94	-0.06	56.85	
2021-06	4.72	1.8	-0.16	52.04	-0.08	51.7	
2021-07	5.12	2	-0.09	75.45	0.02	78.98	
2021-08	5.15	2.02	-0.09	81.29	0.02	85.43	
2021-09	6.09	2.39	0.07	94.02	0.2	96.87	
2021-10	5.81	2.28	0.02	84.99	0.13	85.77	
2021-11	4.76	1.86	-0.17	36.69	-0.08	40.87	
2021-12	5.51	2.16	-0.04	62.85	0.06	65.22	
2022-01	5.87	2.3	0.01	84.59	0.13	84.45	
2022-02	5.87	2.3	0.01	84.6	0.13	84.6	
2022-03	5.55	2.18	-0.04	61.67	0.06	61.3	
2022-04	6.04	2.37	0.04	82.33	0.16	84.73	
2022-05	6.18	2.42	0.06	93	0.17	92.2	
2022-06	6.02	2.36	0.03	78.61	0.14	77.59	
2022-07	5.65	2.21	-0.03	35.42	0.06	34.61	
2022-08	5.39	2.14	-0.08	-1.51	0.03	1.48	
2022-09	5.47	2.22	-0.06	-16.84	0.06	-0.38	
2022-10	5.39	2.19	-0.08	-26.17	0.04	-7.98	
2022-11	5.32	2.16	-0.09	-44.07	0.02	-34.46	
2022-12	5.39	2.19	-0.08	-35.55	0.04	-17.82	
2023-01	5.3	2.15	-0.1	-60.77	0.01	-46.04	
2023-02	5.29	2.15	-0.1	-74.73	0.01	-55.67	
2023-03	5.5	2.23	-0.06	-33.7	0.05	-9.78	
2023-04	5.6	2.27	-0.05	12.12	0.07	37.26	
2023-05	5.52	2.24	-0.06	19.73	0.05	37.54	
2023-06	5.28	2.14	-0.1	-36.92	0	-16.47	
2023-07	5.27	2.14	-0.1	-54.25	0	-40.9	
2023-08	5.24	2.16	-0.09	-56.6	0.02	-44.26	
2023-09	5.17	2.16	-0.1	-80.13	0.02	-56.74	
2023-10	4.98	2.08	-0.13	-90.02	-0.01	-72.64	
2023-11	4.97	2.07	-0.12	-90.34	-0.01	-79.55	
2023-12	5.04	2.1	-0.11	-77	0	-69.9	
2024-01	5.28	2.2	-0.06	-42.37	0.05	-28.57	
2024-02	5.47	2.28	-0.02	3.51	0.1	19.52	
2024-03	5.31	2.22	-0.05	3.57	0.07	27.04	
2024-04	5.64	2.35	0.01	41.47	0.13	58.21	
2024-05	5.7	2.42	0.02	59.15	0.16	77.05	
2024-06	5.68	2.44	0.01	66.26	0.16	85.15	
2024-07	6.05	2.6	0.08	89.29	0.23	97.63	
2024-08	6.17	2.65	0.1	93.51	0.25	93.83	
2024-09	5.95	2.56	0.06	75.23	0.21	76.32	
2024-10	6.23	2.68	0.1	88.69	0.26	88.69	
2024-11	5.95	2.55	0.05	61.35	0.19	61.4	
2024-12	5.98	2.57	0.06	48.46	0.2	51.26	
2025-01	5.78	2.5	0.02	19.46	0.16	30.3	
