month	ct_avg_Tdx收盘价	ct_avg_前复权价格	deviate_avg_100_ct_avg_Tdx收盘价	ct_avg_noise_avg_Tdx收盘价	deviate_avg_100_ct_avg_前复权价格	ct_avg_noise_avg_前复权价格
2016-02	7.34	0.21	-0.36	-87.86	-0.25	-79.82	
2016-03	7.71	0.22	-0.31	-75.23	-0.21	-74.22	
2016-04	7.62	0.22	-0.3	-79.6	-0.19	-73.44	
2016-05	7.26	0.21	-0.32	-93.28	-0.22	-81.33	
2016-06	7.23	0.21	-0.31	-91.29	-0.22	-74.87	
2016-07	7.3	0.21	-0.29	-78.1	-0.19	-66.24	
2016-08	7.36	0.21	-0.28	-69.53	-0.19	-58.27	
2016-09	7.33	0.21	-0.28	-61.7	-0.19	-49.06	
2016-10	7.34	0.21	-0.27	-62.33	-0.19	-39.85	
2016-11	7.45	0.21	-0.25	-36.93	-0.19	-32.39	
2016-12	7.8	0.22	-0.21	13.6	-0.12	5.4	
2017-01	8.42	0.24	-0.15	43.7	-0.04	37.3	
2017-02	8.38	0.24	-0.15	46.58	-0.04	38.24	
2017-03	7.99	0.23	-0.19	40.53	-0.08	30.01	
2017-04	7.91	0.23	-0.19	36.36	-0.08	18.95	
2017-05	7.65	0.22	-0.22	0.04	-0.12	-8.61	
2017-06	7.71	0.22	-0.21	-10.07	-0.12	-15.91	
2017-07	7.97	0.23	-0.18	13.56	-0.08	7.95	
2017-08	8.06	0.23	-0.17	45.11	-0.08	33.27	
2017-09	8.04	0.23	-0.16	60.46	-0.08	20.45	
2017-10	8.12	0.24	-0.15	64.34	-0.04	34.09	
2017-11	8.32	0.24	-0.12	81.25	-0.04	51.38	
2017-12	8.04	0.24	-0.15	48.13	-0.04	45.11	
2018-01	8.84	0.26	-0.06	82.51	0.04	67.82	
2018-02	8.41	0.24	-0.1	71.55	-0.04	57.62	
2018-03	7.93	0.23	-0.15	23.86	-0.08	12.13	
2018-04	7.61	0.22	-0.17	-10.02	-0.12	-19	
2018-05	8.02	0.23	-0.13	2.35	-0.04	-5.03	
2018-06	7.68	0.23	-0.16	-31.65	-0.04	-15.85	
2018-07	7.52	0.22	-0.17	-60.27	-0.08	-39.33	
2018-08	7.99	0.23	-0.11	-29.62	-0.04	-3.07	
2018-09	8.58	0.25	-0.05	18.56	0.04	41.68	
2018-10	8.65	0.26	-0.04	37.95	0.08	44.84	
2018-11	7.92	0.23	-0.11	10.15	-0.04	18.75	
2018-12	7.53	0.22	-0.16	-36.61	-0.08	-20.62	
2019-01	7.3	0.22	-0.18	-61.81	-0.08	-40.58	
2019-02	7.58	0.22	-0.14	-58.21	-0.08	-36.55	
2019-03	7.74	0.23	-0.12	-50	-0.04	-11.01	
2019-04	7.64	0.23	-0.13	-48.64	-0.04	-5.44	
2019-05	7.22	0.21	-0.17	-72.01	-0.12	-47.46	
2019-06	7.02	0.21	-0.19	-84.12	-0.12	-65.04	
2019-07	6.65	0.2	-0.23	-96.51	-0.17	-73.29	
2019-08	6.17	0.19	-0.28	-98.94	-0.21	-80.23	
2019-09	6.27	0.19	-0.26	-87.1	-0.21	-76.38	
2019-10	6.07	0.18	-0.28	-97.17	-0.25	-79.27	
2019-11	5.67	0.17	-0.33	-98.34	-0.26	-83.84	
2019-12	5.71	0.17	-0.32	-87.7	-0.26	-78.45	
2020-01	5.93	0.18	-0.29	-72.88	-0.22	-63.78	
2020-02	5.26	0.16	-0.37	-93.39	-0.3	-81.7	
2020-03	4.98	0.15	-0.4	-99.07	-0.35	-84.21	
2020-04	4.54	0.14	-0.45	-99.36	-0.39	-86.73	
2020-05	4.4	0.13	-0.46	-98.11	-0.43	-85.86	
2020-06	4.28	0.13	-0.47	-98.04	-0.43	-83.57	
2020-07	4.52	0.14	-0.44	-77.76	-0.39	-66.03	
2020-08	4.48	0.14	-0.44	-71.26	-0.39	-62.04	
2020-09	4.23	0.13	-0.47	-90.46	-0.41	-70.86	
2020-10	4.11	0.13	-0.48	-96.88	-0.41	-66.79	
2020-11	4.22	0.13	-0.46	-79.55	-0.41	-54.12	
2020-12	4.2	0.13	-0.46	-81.68	-0.41	-45.22	
2021-01	4.23	0.13	-0.45	-70.13	-0.41	-35.36	
2021-02	4.25	0.13	-0.45	-68.63	-0.41	-30.24	
2021-03	4.37	0.14	-0.43	-16.23	-0.36	-4.62	
2021-04	4.24	0.13	-0.44	-37.5	-0.41	-5.57	
2021-05	4.65	0.15	-0.38	18.65	-0.32	17.11	
2021-06	5.09	0.16	-0.32	52.72	-0.27	34.35	
2021-07	4.88	0.16	-0.35	57.18	-0.24	50.24	
2021-08	4.59	0.15	-0.38	36.32	-0.29	34.66	
2021-09	5.62	0.18	-0.24	76.7	-0.14	65.27	
2021-10	5.86	0.19	-0.21	85.43	-0.1	76.67	
2021-11	4.9	0.16	-0.33	55.2	-0.24	49.72	
2021-12	4.93	0.16	-0.33	42.16	-0.24	35.79	
2022-01	5.24	0.17	-0.28	61.37	-0.19	44.41	
2022-02	5.67	0.19	-0.22	83.98	-0.1	68.53	
2022-03	5.65	0.18	-0.22	83.87	-0.14	62.15	
2022-04	5.39	0.18	-0.25	66.54	-0.14	55.69	
2022-05	5.29	0.17	-0.27	43.47	-0.19	35.76	
2022-06	5.6	0.18	-0.22	73.09	-0.14	53.06	
2022-07	5.19	0.17	-0.28	23.64	-0.19	20.79	
2022-08	5.22	0.17	-0.27	4.27	-0.19	16.19	
2022-09	5.37	0.18	-0.24	27.21	-0.14	30.44	
2022-10	5.13	0.18	-0.28	-26.28	-0.14	24.55	
2022-11	5.04	0.18	-0.29	-39.57	-0.14	5.15	
2022-12	5.09	0.18	-0.28	-47.04	-0.14	3.21	
2023-01	5.06	0.18	-0.28	-58.98	-0.14	-14.68	
2023-02	5.19	0.18	-0.26	-26.79	-0.14	10.05	
2023-03	5.63	0.2	-0.19	25.08	-0.05	42.12	
2023-04	6.96	0.24	0	69.83	0.14	75.57	
2023-05	7.62	0.27	0.11	87.95	0.29	80.09	
2023-06	7.61	0.27	0.11	91.21	0.29	86.03	
2023-07	7.92	0.28	0.16	95.11	0.33	90.09	
2023-08	7.74	0.28	0.14	82.65	0.4	83.7	
2023-09	8.1	0.29	0.21	93.3	0.45	87.9	
2023-10	7.62	0.28	0.14	68.75	0.4	73.06	
2023-11	7.12	0.26	0.08	30.76	0.3	41.48	
2023-12	6.9	0.25	0.05	2.47	0.25	17.22	
2024-01	7.51	0.28	0.14	14.98	0.4	32.22	
2024-02	8.58	0.31	0.31	56.19	0.55	69.64	
2024-03	9.05	0.33	0.38	74.83	0.65	80.1	
2024-04	10.41	0.38	0.58	95.85	0.81	89.38	
2024-05	10.09	0.37	0.52	87.41	0.76	82.9	
2024-06	9.93	0.37	0.5	78.71	0.76	78.57	
2024-07	10.02	0.38	0.5	81.75	0.81	80.47	
2024-08	8.86	0.33	0.33	37.05	0.57	42.57	
2024-09	8.2	0.31	0.23	3.24	0.48	11.51	
2024-10	8.49	0.33	0.27	-11.16	0.57	12.55	
2024-11	8.12	0.31	0.21	-33.8	0.48	-16.16	
2024-12	8.53	0.33	0.27	-21.31	0.5	-3.08	
2025-01	8.7	0.34	0.29	-5.85	0.55	11.11	
2025-02	8.15	0.31	0.21	-27.68	0.41	-9.82	
