month	ct_avg_Tdx收盘价	ct_avg_前复权价格	deviate_avg_100_ct_avg_Tdx收盘价	ct_avg_noise_avg_Tdx收盘价	deviate_avg_100_ct_avg_前复权价格	ct_avg_noise_avg_前复权价格
2006-08	18.74	3.63	1.15	78.88	1.79	78.84	
2006-09	20.43	3.96	1.31	84.82	1.98	85.2	
2006-10	23.86	4.63	1.65	94.19	2.38	94.64	
2006-11	23.84	4.62	1.61	90.18	2.3	89.98	
2006-12	28.97	5.62	2.1	99.32	2.88	99.32	
2007-01	34.3	6.75	2.56	97.55	3.47	98.04	
2007-02	69.9	13.56	5.81	99.05	7.32	99.05	
2007-03	71.69	13.91	5.58	93.91	6.9	93.87	
2007-04	93.91	18.26	6.99	97.84	8.46	97.32	
2007-05	95.99	18.65	6.59	90.58	7.84	90.08	
2007-06	125.58	24.52	8.08	99.2	9.43	99.06	
2007-07	139.19	27.1	8.19	97.19	9.38	97.04	
2007-08	184.97	35.96	9.93	97.44	11.15	97.44	
2007-09	233.44	45.38	11.15	99.11	12.35	99.11	
2007-10	263.84	51.05	11.12	95.01	12.09	94.3	
2007-11	216.13	42.02	8.06	75.49	8.75	74.84	
2007-12	228.92	44.5	7.78	78.39	8.37	77.86	
2008-01	251.01	48.48	7.81	83.25	8.29	82.14	
2008-02	204.39	39.74	5.71	51.49	6.08	49.29	
2008-03	148.24	28.82	3.65	6.55	3.89	5.27	
2008-04	114.83	22.28	2.48	-25.89	2.65	-27.59	
2008-05	117.38	22.82	2.45	-32.63	2.61	-33.88	
2008-06	83.31	16.35	1.39	-61.07	1.53	-62.73	
2008-07	80.02	15.77	1.25	-67.26	1.38	-68.67	
2008-08	66	12.96	0.83	-87.42	0.92	-89.03	
2008-09	48.85	9.59	0.34	-91.45	0.4	-92.11	
2008-10	38.31	7.52	0.04	-93.39	0.09	-93.8	
2008-11	37.53	7.37	0.01	-87.23	0.06	-87.77	
2008-12	41.65	8.18	0.11	-77.68	0.17	-78.07	
2009-01	42.48	8.34	0.12	-73.21	0.18	-73.1	
2009-02	51.78	10.17	0.35	-45.4	0.42	-45.49	
2009-03	51.39	10.09	0.33	-35.83	0.39	-36	
2009-04	65.51	12.87	0.67	2.55	0.74	2.76	
2009-05	62.31	12.23	0.57	7.88	0.63	8.38	
2009-06	63.99	12.65	0.59	21.88	0.66	26.34	
2009-07	73.91	14.75	0.8	46.54	0.91	49.22	
2009-08	82.53	16.46	0.98	54.85	1.09	55.65	
2009-09	74.08	14.78	0.75	51.79	0.84	52.23	
2009-10	73.48	14.66	0.71	46.09	0.8	47.49	
2009-11	80.1	15.98	0.83	62.42	0.93	62.42	
2009-12	78.34	15.63	0.77	53.96	0.85	53.84	
2010-01	76.2	15.2	0.69	38.39	0.77	38.53	
2010-02	70.3	14.03	0.54	-5.12	0.61	0.36	
2010-03	70.5	14.07	0.52	-14.01	0.59	-7.96	
2010-04	67.33	13.43	0.44	-32.31	0.5	-29.42	
2010-05	65.42	13.05	0.38	-50.28	0.44	-47.95	
2010-06	61.9	12.35	0.29	-67.15	0.34	-65.65	
2010-07	56.96	11.47	0.18	-76.95	0.23	-75.37	
2010-08	59.75	12.11	0.22	-72.36	0.29	-69.32	
2010-09	59.48	12.03	0.2	-71.52	0.27	-69.5	
2010-10	64.33	13.02	0.29	-41.41	0.35	-34.38	
2010-11	65.35	13.22	0.29	-19.16	0.36	-12.46	
2010-12	62.84	12.72	0.23	-35.02	0.29	-28.03	
2011-01	70.35	14.24	0.36	24.2	0.43	29.24	
2011-02	77.12	15.87	0.47	46.43	0.57	56.78	
2011-03	81.98	16.54	0.54	61.52	0.61	67.78	
2011-04	76.69	15.52	0.43	57.33	0.49	66.21	
2011-05	68.28	13.83	0.26	34.91	0.31	33.55	
2011-06	70.34	14.23	0.28	31.79	0.33	24.83	
2011-07	61.4	15.53	0.11	25.85	0.44	62.54	
2011-08	41.48	13.53	-0.26	-55.44	0.24	12.97	
2011-09	34.55	11.27	-0.38	-72.53	0.02	-45.15	
2011-10	33.23	10.84	-0.41	-82.76	-0.03	-58.59	
2011-11	32.98	10.76	-0.42	-89.77	-0.04	-66.36	
2011-12	27.57	9	-0.52	-99.27	-0.2	-88.39	
2012-01	26.78	8.74	-0.53	-91.19	-0.23	-87.56	
2012-02	28.67	9.35	-0.5	-76.92	-0.19	-76.34	
2012-03	34.88	11.38	-0.39	-50	-0.02	-45.09	
2012-04	34.42	11.23	-0.41	-37.6	-0.04	-35.92	
2012-05	34.2	11.12	-0.41	-20.88	-0.06	-19.08	
2012-06	25.7	9.91	-0.56	-58.93	-0.17	-54.47	
2012-07	22.5	9.63	-0.62	-79.18	-0.2	-66.88	
2012-08	20.39	8.73	-0.65	-92.97	-0.28	-79.74	
2012-09	20.23	8.66	-0.66	-87.37	-0.29	-79.15	
2012-10	20.06	8.59	-0.66	-90.38	-0.3	-83.14	
2012-11	19.53	8.36	-0.67	-95.41	-0.32	-86.57	
2012-12	20.35	8.72	-0.66	-76.83	-0.29	-70.49	
2013-01	23.42	10.03	-0.6	-33.48	-0.19	-13.17	
2013-02	23.67	10.14	-0.6	-12.98	-0.19	9.88	
2013-03	21.8	9.34	-0.63	-20.2	-0.26	0.64	
2013-04	19.1	8.18	-0.68	-55.56	-0.35	-52.03	
2013-05	19.1	8.18	-0.68	-61.77	-0.36	-59.74	
2013-06	18.04	7.73	-0.7	-73.11	-0.4	-71.27	
2013-07	16.2	6.94	-0.73	-89.17	-0.46	-89.25	
2013-08	17.22	7.38	-0.71	-80.4	-0.43	-80.28	
2013-09	19.05	8.16	-0.68	-51.17	-0.37	-51.46	
2013-10	17.86	7.65	-0.7	-62	-0.41	-62	
2013-11	18.68	8	-0.69	-54.42	-0.39	-53.95	
2013-12	21.77	9.33	-0.64	11.2	-0.29	16.6	
2014-01	21.87	9.37	-0.64	29.51	-0.29	38.26	
2014-02	22.65	9.71	-0.63	47.94	-0.27	55.69	
2014-03	19.21	8.23	-0.68	4.42	-0.39	12.33	
2014-04	19.34	8.29	-0.68	-9.06	-0.39	-5.02	
2014-05	19.4	8.31	-0.68	-16.16	-0.39	-13.26	
2014-06	19.79	8.48	-0.68	-0.67	-0.38	0.85	
2014-07	22.22	9.52	-0.64	54.04	-0.31	54.31	
2014-08	23.55	10.09	-0.62	78.91	-0.27	79.12	
2014-09	30.52	13.08	-0.5	92.94	-0.06	92.94	
2014-10	40.38	17.32	-0.34	97.22	0.24	97.17	
2014-11	36.39	15.64	-0.41	85.62	0.11	85.67	
2014-12	37.94	16.31	-0.39	86.26	0.14	86.61	
2015-01	36.63	15.74	-0.41	74.42	0.09	74.64	
2015-02	35.27	15.16	-0.43	57.92	0.05	58.1	
2015-03	39.21	16.86	-0.37	71.83	0.15	72	
2015-04	51.15	21.99	-0.18	97.23	0.49	97.24	
2015-05	56.98	24.49	-0.09	94.73	0.64	94.73	
2015-06	60.73	26.11	-0.03	93.2	0.73	93.2	
2015-07	39.81	17.11	-0.36	43.87	0.13	43.94	
2015-08	43.77	18.82	-0.29	35.5	0.24	35.5	
2015-09	35.44	15.24	-0.42	-4.55	0.01	-4.51	
2015-10	38.87	16.71	-0.36	-11.08	0.11	-11.08	
2015-11	39.16	16.84	-0.34	-19.47	0.13	-19.47	
2015-12	35.57	15.29	-0.39	-42.12	0.04	-42	
2016-01	28.17	12.11	-0.5	-61.92	-0.16	-62.01	
2016-02	23.28	10.01	-0.57	-75.24	-0.28	-75.18	
2016-03	24.11	10.37	-0.53	-78.57	-0.24	-78.42	
2016-04	24.28	10.44	-0.51	-75.89	-0.21	-75.94	
2016-05	22.18	9.54	-0.53	-93.15	-0.26	-93.07	
2016-06	22	9.46	-0.52	-91.16	-0.25	-91.21	
2016-07	24.41	10.5	-0.45	-61.61	-0.15	-61.39	
2016-08	23.72	10.21	-0.45	-54.19	-0.17	-53.84	
2016-09	22.08	9.5	-0.48	-77.28	-0.22	-77.1	
2016-10	23.37	10.06	-0.44	-60.77	-0.17	-60.77	
2016-11	23.23	9.99	-0.44	-52.56	-0.17	-52.07	
2016-12	27.9	12.01	-0.32	13.39	0	13.92	
2017-01	28.49	12.26	-0.3	36.31	0.02	36.76	
2017-02	29.83	12.83	-0.26	55.56	0.06	55.46	
2017-03	28.15	12.11	-0.3	47.09	0	47.17	
2017-04	29.21	12.57	-0.28	60.22	0.03	60.17	
2017-05	23.56	10.14	-0.41	0.31	-0.17	0.27	
2017-06	22.72	9.77	-0.43	-28.73	-0.2	-28.69	
2017-07	22.97	9.89	-0.42	-41.88	-0.19	-41.88	
2017-08	24.66	10.61	-0.37	-32.65	-0.13	-32.73	
2017-09	24.82	10.67	-0.36	-30.8	-0.12	-31.38	
2018-03	18.64	9.68	-0.51	-62.39	-0.19	-40.46	
2018-04	17.96	7.71	-0.52	-78.62	-0.35	-91.22	
2018-05	13.47	5.79	-0.64	-94.8	-0.51	-91.68	
2018-06	10.83	4.66	-0.7	-98.66	-0.6	-99.42	
2018-07	10.26	4.41	-0.71	-90.22	-0.62	-90.3	
2018-08	10.94	4.71	-0.69	-79.74	-0.59	-79.85	
2018-09	11.28	4.86	-0.67	-72.6	-0.57	-72.56	
2018-10	10.97	4.72	-0.68	-73.66	-0.58	-73.81	
2018-11	12.28	5.28	-0.63	-42.57	-0.53	-42.33	
2018-12	12.91	5.55	-0.6	-23.48	-0.5	-23.48	
2019-01	13.49	5.81	-0.58	0.41	-0.48	0.45	
2019-02	13.68	5.89	-0.57	6.55	-0.47	6.49	
2019-03	17.95	7.82	-0.42	35.86	-0.29	37.75	
2019-04	26.42	10.87	-0.14	59.3	-0.01	62.33	
2019-05	20.44	8.8	-0.33	58.21	-0.19	61.29	
2019-06	19.7	8.52	-0.34	58.32	-0.21	63.68	
2019-07	24.57	10.63	-0.17	83.39	-0.01	83.77	
2019-08	23.31	9.94	-0.2	77.36	-0.07	76.26	
2019-09	24.27	10.5	-0.16	83.62	-0.02	84.87	
2019-10	21.54	9.32	-0.24	51.19	-0.12	53.27	
2019-11	20.21	8.75	-0.27	23.3	-0.17	20.49	
2019-12	21.32	9.22	-0.22	22.6	-0.13	17.57	
2020-01	22.44	9.74	-0.16	37.26	-0.07	36.16	
2020-02	19.69	8.52	-0.25	-11.92	-0.19	-14.95	
2020-03	18.66	8.07	-0.27	-35.72	-0.23	-40.67	
2020-04	18.75	8.11	-0.26	-46.34	-0.22	-48.04	
2020-05	18.63	8.06	-0.25	-53.42	-0.23	-56.2	
2020-06	17.95	7.76	-0.28	-70.94	-0.26	-72.45	
2020-07	20.43	8.84	-0.17	-26.32	-0.15	-26.2	
2020-08	21.98	9.51	-0.1	24.24	-0.09	24.23	
2020-09	19.3	8.35	-0.21	-4.75	-0.19	-4.99	
2020-10	18.56	8.03	-0.24	-39.29	-0.22	-40.79	
2020-11	18.32	7.93	-0.25	-48.85	-0.23	-51.27	
2020-12	18.25	7.89	-0.24	-59.63	-0.24	-61.92	
2021-01	18.07	7.82	-0.25	-69.95	-0.24	-70.18	
2021-02	15.18	6.57	-0.36	-87.98	-0.36	-88.1	
2021-03	15.17	6.56	-0.36	-89.56	-0.36	-89.25	
2021-04	16.24	7.03	-0.31	-77.21	-0.31	-77.38	
2021-05	17.53	7.59	-0.26	-51.29	-0.26	-51.14	
2021-06	16.86	7.29	-0.28	-50.47	-0.29	-50.3	
2021-07	15.77	6.83	-0.33	-75.08	-0.33	-74.92	
2021-08	18.28	7.93	-0.22	-37.7	-0.22	-36.89	
2021-09	26.32	11.41	0.12	47.77	0.12	48.08	
2021-10	22.7	9.84	-0.04	52.96	-0.04	53.4	
2021-11	22.68	9.84	-0.04	62.22	-0.04	63.07	
2021-12	24.23	10.51	0.03	83.54	0.02	83.5	
2022-01	23.12	10.02	-0.02	73.64	-0.03	73.83	
2022-02	21.52	9.33	-0.09	42.58	-0.1	42.69	
2022-03	19.34	8.25	-0.18	16.01	-0.2	5.82	
2022-04	16.57	7.19	-0.3	-24.81	-0.3	-33.36	
2022-05	16.81	7.29	-0.29	-37.55	-0.29	-42.15	
2022-06	19.36	8.4	-0.18	-27.34	-0.18	-28.87	
2022-07	20.78	9.01	-0.12	-16.54	-0.12	-15.26	
2022-08	25.04	10.87	0.06	42	0.05	40.92	
2022-09	25.65	11.14	0.08	53.95	0.08	52.93	
2022-10	24.8	10.77	0.04	54.46	0.04	52.01	
2022-11	25.75	11.18	0.08	59.09	0.08	59.86	
2022-12	22.91	9.95	-0.04	31.45	-0.04	34.17	
2023-01	22.95	9.96	-0.04	27.01	-0.04	29.74	
2023-02	23.71	10.29	-0.01	37.32	0	38.97	
2023-03	25.01	10.86	0.04	59.63	0.06	60.4	
2023-04	24.5	10.64	0.02	42.72	0.05	43	
2023-05	28.01	12.16	0.16	77.23	0.2	77.28	
2023-06	29.71	12.9	0.24	85.4	0.28	85.49	
2023-07	31.68	13.76	0.32	94.26	0.37	94.47	
2023-08	29.48	12.81	0.23	77.95	0.28	77.99	
2023-09	27.92	12.13	0.17	53.7	0.23	53.88	
2023-10	26.36	11.45	0.11	26.73	0.18	27.05	
2023-11	26.09	11.33	0.11	1.34	0.17	1.5	
2023-12	28.62	12.43	0.22	35.42	0.29	35.8	
2024-01	29.59	12.85	0.27	59.01	0.34	59.21	
2024-02	32.15	13.97	0.4	76.28	0.46	76.08	
2024-03	35.58	15.46	0.56	83.29	0.62	83.42	
2024-04	37.75	16.4	0.66	91.47	0.72	91.52	
2024-05	36.78	15.98	0.62	82.86	0.67	82.95	
2024-06	38.12	16.56	0.68	92.58	0.72	92.62	
2024-07	41.33	17.96	0.82	96.78	0.85	96.86	
2024-08	39.16	17.08	0.72	78.82	0.74	79.59	
2024-09	36.45	15.56	0.6	53.97	0.58	44.5	
2024-10	39.41	17.21	0.72	68.65	0.73	68.6	
2024-11	36.68	16.02	0.6	32.65	0.61	31.97	
2024-12	35.8	15.63	0.55	5.72	0.56	-1.42	
2025-01	33.08	14.45	0.43	-21.67	0.43	-26.37	
