month	ct_avg_Tdx收盘价	ct_avg_前复权价格	deviate_avg_100_ct_avg_Tdx收盘价	ct_avg_noise_avg_Tdx收盘价	deviate_avg_100_ct_avg_前复权价格	ct_avg_noise_avg_前复权价格
2008-03	21.25	4.02	0.74	-7.53	1.7	-10.29	
2008-04	15.61	2.95	0.28	-42.48	0.95	-44.69	
2008-05	16.06	3.03	0.31	-50.89	0.98	-54.02	
2008-06	11.68	2.21	-0.05	-73.22	0.44	-75.89	
2008-07	11.26	2.13	-0.08	-79.11	0.37	-80.16	
2008-08	8.33	1.58	-0.32	-92.22	0.02	-92.86	
2008-09	7.03	1.33	-0.42	-92.39	-0.14	-92.95	
2008-10	5.61	1.06	-0.53	-97.59	-0.32	-97.95	
2008-11	5.85	1.11	-0.51	-87.1	-0.28	-87.05	
2008-12	6.76	1.28	-0.43	-70.96	-0.17	-70.85	
2009-01	7.12	1.35	-0.4	-56.49	-0.13	-56.85	
2009-02	8.57	1.63	-0.27	-35.01	0.05	-34.11	
2009-03	8.59	1.62	-0.26	-22.53	0.04	-21.91	
2009-04	9.82	1.86	-0.15	9.46	0.19	10.76	
2009-05	9.98	1.89	-0.13	21.06	0.21	22.67	
2009-06	10.49	2	-0.08	38.39	0.27	41.56	
2009-07	12.56	2.4	0.1	53.61	0.52	55.9	
2009-08	12.65	2.42	0.11	55.14	0.52	57.23	
2009-09	10.49	2	-0.07	34.33	0.26	35.27	
2009-10	10.73	2.05	-0.05	26.06	0.28	25.78	
2009-11	12.77	2.44	0.14	54.64	0.52	56.08	
2009-12	13.41	2.56	0.2	71.58	0.58	73.02	
2010-01	12.67	2.42	0.14	63.62	0.48	65.67	
2010-02	11.14	2.13	0	22.26	0.3	25.71	
2010-03	11.52	2.2	0.04	20.9	0.33	21.04	
2010-04	11.66	2.23	0.05	20.07	0.34	19.9	
2010-05	9.5	1.82	-0.14	-37.17	0.09	-38.08	
2010-06	8.77	1.68	-0.2	-60.95	0.01	-61.61	
2010-07	8.19	1.59	-0.25	-71.6	-0.05	-70.9	
2010-08	9.06	1.75	-0.17	-66.56	0.04	-65.67	
2010-09	9.28	1.79	-0.15	-56.06	0.06	-55.03	
2010-10	11.08	2.14	0.02	-14.9	0.26	-11.72	
2010-11	10.53	2.03	-0.03	2.52	0.19	5.44	
2010-12	9.54	1.84	-0.12	-37.69	0.08	-33.77	
2011-01	9.39	1.81	-0.13	-49.46	0.05	-46.7	
2011-02	10.19	1.98	-0.06	-23.6	0.14	-17.74	
2011-03	10.81	2.09	0	30.59	0.2	33.73	
2011-04	10.73	2.07	-0.01	43.47	0.18	47.98	
2011-05	9.65	1.86	-0.11	1.27	0.05	3.23	
2011-06	9.33	1.81	-0.14	-25.81	0.02	-26.11	
2011-07	9.41	1.84	-0.13	-38.9	0.03	-36.65	
2011-08	8.51	1.66	-0.21	-66.38	-0.07	-65.26	
2011-09	7.97	1.56	-0.26	-82.86	-0.13	-84.48	
2011-10	7.67	1.5	-0.29	-94.87	-0.17	-93.53	
2011-11	7.59	1.48	-0.29	-91.56	-0.18	-91.72	
2011-12	6.72	1.31	-0.37	-99.57	-0.28	-99.39	
2012-01	6.81	1.33	-0.36	-88.57	-0.27	-88.1	
2012-02	7.34	1.43	-0.31	-70	-0.22	-69.55	
2012-03	7.68	1.5	-0.28	-48.9	-0.18	-48.46	
2012-04	7.4	1.46	-0.31	-57.2	-0.21	-51.68	
2012-05	7.56	1.5	-0.29	-34.9	-0.19	-25.45	
2012-06	7.04	1.4	-0.34	-61.18	-0.25	-47.45	
2012-07	6.66	1.32	-0.37	-78.73	-0.29	-73.42	
2012-08	6.69	1.33	-0.37	-82.06	-0.28	-78.38	
2012-09	6.6	1.31	-0.37	-83.04	-0.3	-81.03	
2012-10	6.61	1.31	-0.37	-79.27	-0.3	-78.37	
2012-11	6.35	1.26	-0.4	-93.18	-0.33	-88.92	
2012-12	6.57	1.3	-0.37	-71.85	-0.31	-70.37	
2013-01	6.99	1.39	-0.33	-25.98	-0.26	-21.61	
2013-02	7.14	1.41	-0.32	5.65	-0.26	6.13	
2013-03	6.59	1.3	-0.37	-29.68	-0.32	-30.74	
2013-04	6.3	1.25	-0.4	-63.05	-0.35	-63	
2013-05	6.24	1.25	-0.4	-71.8	-0.35	-67.61	
2013-06	5.46	1.1	-0.48	-89.5	-0.43	-83.3	
2013-07	4.67	0.94	-0.55	-96.86	-0.51	-95.15	
2013-08	4.95	1	-0.53	-82.79	-0.48	-82.22	
2013-09	5.33	1.08	-0.49	-67.01	-0.44	-66.4	
2013-10	5.38	1.09	-0.48	-57.19	-0.44	-56.55	
2013-11	5.16	1.04	-0.5	-68.67	-0.47	-67.6	
2013-12	5.25	1.06	-0.5	-53.37	-0.46	-51.58	
2014-01	4.93	1	-0.53	-76.74	-0.49	-75.68	
2014-02	5.05	1.02	-0.51	-70.48	-0.48	-70.03	
2014-03	4.82	0.97	-0.54	-85.25	-0.51	-83.67	
2014-04	4.97	1	-0.52	-70.62	-0.49	-69.13	
2014-05	4.87	1.01	-0.53	-83.7	-0.49	-60.8	
2014-06	4.95	1.03	-0.52	-62.68	-0.48	-25.98	
2014-07	5.39	1.12	-0.48	-6.37	-0.43	19.45	
2014-08	5.94	1.24	-0.43	48.85	-0.38	64.12	
2014-09	6.64	1.38	-0.36	76.19	-0.31	82.1	
2014-10	6.79	1.42	-0.34	85.67	-0.29	86.11	
2014-11	7.2	1.5	-0.31	92.05	-0.25	92.41	
2014-12	8.61	1.79	-0.17	95.96	-0.1	97.79	
2015-01	9.57	2	-0.08	95.8	0	95.71	
2015-02	8.34	1.74	-0.2	78.16	-0.13	78.33	
2015-03	10.45	2.18	0	94.52	0.08	94.48	
2015-04	11.85	2.47	0.13	98.09	0.22	98.21	
2015-05	11.43	2.38	0.09	88.08	0.17	88.04	
2015-06	12.18	2.55	0.16	91.28	0.25	91.71	
2015-07	8.28	1.73	-0.21	31.53	-0.15	31.41	
2015-08	7.58	1.59	-0.27	-1.74	-0.21	-2.17	
2015-09	6.66	1.4	-0.35	-29.81	-0.3	-30.8	
2016-01	5.96	1.35	-0.41	-43.57	-0.27	-70.49	
2016-02	6.3	1.32	-0.36	-48.04	-0.26	-81.43	
2016-03	6.9	1.45	-0.29	-43.87	-0.18	-46.39	
2016-04	7.35	1.56	-0.22	-36.79	-0.09	-8.39	
2016-05	6.74	1.44	-0.26	-58.43	-0.14	-20.83	
2016-06	7.39	1.55	-0.18	-35.29	-0.06	11.74	
2016-07	7.9	1.66	-0.1	-10.67	0.02	39.58	
2016-08	7.63	1.69	-0.11	7.92	0.04	54.35	
2016-09	2.99	1.6	-0.64	-70.71	0	43.48	
2016-10	3	1.59	-0.63	-89.06	-0.01	34.65	
2016-11	3.4	1.81	-0.58	-83.4	0.14	68.99	
2016-12	3.26	1.74	-0.59	-85.88	0.09	65.18	
2017-01	3.24	1.72	-0.59	-85.27	0.07	55.66	
2017-02	3.43	1.83	-0.56	-60.86	0.14	84.03	
2017-03	3.35	1.78	-0.57	-60.21	0.11	72.44	
2017-04	3.44	1.83	-0.55	-43.45	0.13	82.44	
2017-05	3.25	1.73	-0.58	-60.22	0.07	53.21	
2017-06	3.27	1.74	-0.57	-63.31	0.07	29.1	
2017-07	3.48	1.88	-0.54	-12.03	0.15	72.83	
2017-08	3.9	2.11	-0.48	20.38	0.29	92.97	
2017-09	4.08	2.2	-0.46	41.54	0.35	95.11	
2017-10	3.9	2.1	-0.48	35.98	0.29	78.99	
2017-11	3.74	2.02	-0.5	30.07	0.24	62.3	
2017-12	3.58	1.93	-0.51	7.91	0.19	34.23	
2018-01	3.66	1.98	-0.5	10.31	0.22	36.93	
2018-02	3.33	1.8	-0.54	-35.42	0.11	-10.6	
2018-03	3.31	1.79	-0.53	-51.46	0.11	-28.49	
2018-04	3.2	1.73	-0.54	-67.11	0.07	-52.33	
2018-05	3.09	1.7	-0.55	-76.26	0.06	-61.65	
2018-06	2.86	1.57	-0.58	-86.87	-0.01	-78.66	
2018-07	2.71	1.49	-0.6	-90.38	-0.06	-84.13	
2018-08	2.74	1.51	-0.59	-88.74	-0.04	-85.79	
2018-09	2.71	1.49	-0.59	-87.45	-0.05	-86.51	
2018-10	2.64	1.46	-0.59	-92.19	-0.07	-91.91	
2018-11	2.4	1.44	-0.62	-97.89	-0.08	-91.96	
2018-12	2.21	1.33	-0.65	-99.51	-0.15	-98.13	
2019-01	2.18	1.31	-0.65	-90.63	-0.16	-90.79	
2019-02	2.32	1.39	-0.62	-77.03	-0.1	-75.24	
2019-03	2.71	1.63	-0.56	-33.16	0.05	-20.62	
2019-04	2.73	1.64	-0.55	-7.99	0.06	7.78	
2019-05	2.3	1.38	-0.61	-51.07	-0.1	-31.87	
2019-06	2.29	1.37	-0.61	-64.19	-0.11	-49.34	
2019-07	2.23	1.37	-0.62	-75.74	-0.1	-61.1	
2019-08	2.12	1.3	-0.63	-82.95	-0.14	-74.88	
2019-09	2.19	1.34	-0.61	-75.71	-0.12	-68.8	
2019-10	2.12	1.3	-0.62	-86.21	-0.14	-79.32	
2019-11	2.12	1.3	-0.61	-81.68	-0.14	-74.15	
2019-12	2.18	1.34	-0.6	-54.34	-0.11	-49.43	
2020-01	2.33	1.43	-0.56	-13.73	-0.05	-7.31	
2020-02	2.15	1.32	-0.59	-38.35	-0.12	-34.55	
2020-03	2.12	1.3	-0.59	-56.66	-0.13	-52.92	
2020-04	2.08	1.27	-0.6	-74.24	-0.15	-73.89	
2020-05	2.06	1.26	-0.59	-79.47	-0.16	-77.88	
2020-06	2.06	1.27	-0.59	-81.3	-0.15	-77.32	
2020-07	2.36	1.48	-0.53	-12.31	-0.01	1.36	
2020-08	2.46	1.55	-0.5	51.36	0.03	63.56	
2020-09	2.46	1.55	-0.5	72.32	0.03	76.42	
2020-10	2.34	1.47	-0.52	60.16	-0.02	64.06	
2020-11	2.73	1.71	-0.43	83.42	0.14	87.8	
2020-12	2.84	1.78	-0.4	90.37	0.18	91.11	
2021-01	3.58	2.25	-0.24	95.13	0.48	95.27	
2021-02	4.13	2.59	-0.12	96.37	0.69	96.31	
2021-03	3.74	2.35	-0.2	85.13	0.53	84.94	
2021-04	3.71	2.33	-0.2	82.27	0.5	82.02	
2021-05	4.05	2.54	-0.12	91.47	0.63	91.57	
2021-06	3.7	2.33	-0.19	67.43	0.48	67.64	
2021-07	4.41	2.79	-0.03	76.14	0.75	76.42	
2021-08	5.44	3.46	0.2	97.12	1.15	97.08	
2021-09	5.11	3.25	0.13	85.18	0.99	85.36	
2021-10	4.45	2.83	-0.01	63.62	0.72	64.51	
2021-11	4.3	2.73	-0.04	40.71	0.64	42.09	
2021-12	4.64	2.95	0.04	56.72	0.76	57.92	
2022-01	4.69	2.98	0.05	61.47	0.75	61.89	
2022-02	4.77	3.03	0.07	59.77	0.76	60.44	
2022-03	4.46	2.74	0	44.23	0.57	27.64	
2022-04	3.62	2.3	-0.18	-21.66	0.31	-32	
2022-05	3.33	2.12	-0.24	-49.58	0.2	-53.24	
2022-06	3.61	2.32	-0.18	-52.21	0.3	-53.27	
2022-07	3.48	2.25	-0.21	-69.64	0.26	-69.56	
2022-08	3.59	2.32	-0.18	-63.16	0.29	-58.07	
2022-09	3.36	2.17	-0.23	-73.13	0.2	-68.62	
2022-10	3.15	2.04	-0.27	-86.61	0.12	-85.16	
2022-11	3.39	2.19	-0.21	-71.35	0.2	-70.45	
2022-12	3.44	2.23	-0.2	-54.83	0.21	-52.6	
2023-01	3.44	2.23	-0.2	-57.03	0.21	-54.63	
2023-02	3.63	2.35	-0.15	-8.79	0.26	-4.38	
2023-03	3.51	2.27	-0.17	-9.2	0.21	-5.16	
2023-04	3.43	2.22	-0.19	-25.75	0.19	-22.7	
2023-05	3.19	2.06	-0.24	-62.95	0.1	-61.52	
2023-06	3.05	1.98	-0.26	-79.82	0.05	-77.77	
2023-07	3.1	2.03	-0.24	-77.72	0.09	-74.49	
2023-08	3.17	2.08	-0.21	-71.89	0.11	-68.48	
2023-09	3.21	2.1	-0.19	-53.84	0.12	-49.15	
2023-10	3.06	2	-0.21	-76.52	0.08	-74.58	
2023-11	2.98	1.96	-0.22	-89.12	0.05	-86.97	
2023-12	2.83	1.86	-0.24	-94.9	-0.01	-93.11	
2024-01	2.92	1.92	-0.19	-83.77	0.03	-83.32	
2024-02	2.96	1.94	-0.17	-73.85	0.03	-73.79	
2024-03	3.28	2.15	-0.07	-15.48	0.14	-12.24	
2024-04	3.51	2.32	0.01	25.45	0.22	28.75	
2024-05	3.75	2.55	0.08	59.15	0.34	65.22	
2024-06	3.78	2.57	0.1	75.14	0.34	79.98	
2024-07	3.84	2.61	0.13	84.2	0.35	86.26	
2024-08	3.59	2.44	0.06	58.56	0.26	64.73	
2024-09	3.72	2.53	0.11	59.02	0.3	61.37	
2024-10	4.19	2.87	0.27	88.69	0.46	89.58	
2024-11	4.17	2.87	0.27	88.73	0.45	89.29	
2024-12	3.97	2.75	0.23	71.88	0.38	75.69	
2025-01	4	2.77	0.23	71.58	0.39	76.88	
2025-02	4.05	2.81	0.24	79.11	0.4	83.04	
