month	ct_avg_Tdx收盘价	ct_avg_前复权价格	deviate_avg_100_ct_avg_Tdx收盘价	ct_avg_noise_avg_Tdx收盘价	deviate_avg_100_ct_avg_前复权价格	ct_avg_noise_avg_前复权价格
2011-06	16.59	4.39	0.22	-44.68	0.85	-45.32	
2011-07	17.72	4.69	0.3	-38.01	0.95	-38.44	
2011-08	15.68	4.15	0.16	-67.74	0.7	-68.28	
2011-09	14.08	3.73	0.04	-88.27	0.51	-88.86	
2011-10	11.6	3.07	-0.14	-91.63	0.23	-91.91	
2011-11	13.1	3.47	-0.02	-81.33	0.38	-81.66	
2011-12	9.81	2.59	-0.26	-97.52	0.02	-97.73	
2012-01	8.88	2.35	-0.33	-93.33	-0.08	-93.51	
2012-02	10.44	2.76	-0.21	-77.41	0.07	-77.5	
2012-03	12.08	3.18	-0.08	-54.97	0.22	-54.95	
2012-04	10.92	2.89	-0.17	-62	0.1	-61.5	
2012-05	10.6	2.81	-0.18	-70.54	0.07	-70.33	
2012-06	5.16	2.64	-0.59	-90.59	0	-78.62	
2012-07	4.03	2.16	-0.68	-96.43	-0.18	-90.3	
2012-08	4.1	2.19	-0.66	-87.81	-0.17	-84.43	
2012-09	4.2	2.24	-0.65	-79.24	-0.16	-76.21	
2012-10	4.02	2.15	-0.66	-91.47	-0.19	-88.59	
2012-11	3.67	1.96	-0.68	-97	-0.27	-95.74	
2012-12	3.59	1.92	-0.69	-88.95	-0.28	-88.05	
2013-01	4.36	2.33	-0.62	-59.91	-0.13	-52.37	
2013-02	4.73	2.53	-0.58	-34.82	-0.06	-15.89	
2013-03	4.72	2.52	-0.58	-13.14	-0.07	6.59	
2013-04	4.45	2.38	-0.6	-8.48	-0.12	6.9	
2013-05	5.6	2.99	-0.49	17.82	0.1	39.37	
2013-06	6.14	3.29	-0.44	38.97	0.2	61.61	
2013-07	5.97	3.19	-0.45	48.68	0.15	73.25	
2013-08	6.71	3.59	-0.38	63.51	0.29	86.65	
2013-09	6.24	3.34	-0.42	55.36	0.19	74.11	
2013-10	6.11	3.27	-0.43	41.52	0.16	63.84	
2013-11	5.8	3.1	-0.45	16.45	0.09	39.29	
2013-12	6.03	3.22	-0.43	26.22	0.12	49.39	
2014-01	6.43	3.44	-0.38	41.71	0.19	60.93	
2014-02	7.81	4.17	-0.25	80.97	0.43	86.94	
2014-03	7.42	3.97	-0.28	83.46	0.35	84.86	
2014-04	7.31	3.91	-0.28	81.93	0.32	81.93	
2014-05	6.49	3.82	-0.36	53.44	0.28	68.84	
2014-06	5.6	3.89	-0.44	1.12	0.3	72.46	
2014-07	5.76	4	-0.42	-12.38	0.32	80.67	
2014-08	6.03	4.19	-0.39	-15.31	0.38	92.09	
2014-09	6.34	4.4	-0.36	-1.96	0.44	94.98	
2014-10	6.49	4.5	-0.34	17.46	0.46	91.82	
2014-11	6.25	4.32	-0.36	-2.77	0.39	75.89	
2014-12	6.17	4.26	-0.37	-12.27	0.37	66.57	
2015-01	5.98	4.13	-0.39	-43.35	0.32	29.37	
2015-02	6.54	4.52	-0.33	10.3	0.43	68.27	
2015-03	7.28	5.03	-0.25	49.92	0.58	88.76	
2015-04	8.58	5.92	-0.12	79.76	0.84	98.21	
2015-05	9.55	6.59	-0.02	92.19	1.02	96.96	
2015-06	11.84	8.19	0.22	92.64	1.47	93.28	
2015-07	7.69	5.32	-0.2	54.7	0.6	55.24	
2015-08	7.58	5.24	-0.21	40.81	0.56	41.41	
2015-09	5.85	4.05	-0.38	-15.18	0.21	-13.84	
2015-10	6.6	4.57	-0.3	-19.9	0.36	-14.92	
2015-11	7.8	5.4	-0.17	-1.66	0.59	2.17	
2015-12	8.66	5.99	-0.08	40.68	0.75	41.58	
2016-01	6.15	4.25	-0.34	-13.71	0.24	-11.96	
2016-02	5.87	4.06	-0.37	-46.91	0.18	-43.81	
2016-03	5.68	3.93	-0.39	-69.22	0.14	-65.64	
2016-04	5.95	4.12	-0.35	-66.47	0.19	-65.98	
2016-05	6.12	4.23	-0.33	-70.88	0.22	-70.83	
2016-06	7.67	5.31	-0.16	-4.2	0.51	-4.42	
2016-07	7.55	5.23	-0.17	16.88	0.48	16.92	
2016-08	6.99	4.84	-0.23	13.12	0.36	13.74	
2016-09	6.85	4.75	-0.24	11.25	0.32	11.79	
2016-10	6.72	4.65	-0.26	-17.47	0.28	-16.46	
2016-11	6.78	4.7	-0.25	-15.99	0.29	-15.1	
2016-12	6.41	4.52	-0.29	-52.13	0.23	-47.24	
2017-01	6.14	4.25	-0.33	-67.66	0.15	-64.19	
2017-02	6.2	4.29	-0.32	-60.91	0.14	-61.76	
2017-03	6.49	4.49	-0.29	-42.39	0.19	-42.55	
2017-04	6.18	4.28	-0.33	-59.28	0.12	-60.56	
2017-05	6.29	4.28	-0.32	-60.83	0.11	-77.41	
2017-08	6.55	4.41	-0.29	-41.62	0.12	-51.71	
2017-09	8	5.57	-0.14	9.91	0.4	27.38	
2017-10	9.84	6.84	0.06	60.66	0.7	71.27	
2017-11	11.18	7.77	0.19	90.75	0.9	94.64	
2017-12	14.6	10.16	0.54	98.3	1.43	98.81	
2018-01	15.5	10.78	0.62	92.45	1.52	92.45	
2018-02	13.92	9.68	0.45	79.11	1.23	78.93	
2018-03	15.93	11.08	0.64	89.33	1.5	89.37	
2018-04	15.77	10.97	0.61	87.9	1.43	88.09	
2018-05	14.79	10.28	0.5	68.59	1.24	68.43	
2018-06	12.5	8.69	0.26	23.12	0.88	23.26	
2018-07	12.65	8.81	0.28	12.86	0.88	13.31	
2018-08	11.91	8.31	0.21	-17.97	0.76	-17.47	
2018-09	10.21	7.12	0.04	-41.63	0.5	-39.8	
2018-10	8.87	6.19	-0.09	-60.27	0.3	-59.37	
2018-11	9.31	6.5	-0.04	-62.54	0.36	-61.89	
2018-12	8.87	6.19	-0.08	-80.31	0.29	-79.6	
2019-01	9.13	6.37	-0.04	-74.43	0.33	-74.23	
2019-02	11.01	7.68	0.17	-30.48	0.59	-29.64	
2019-03	14.9	10.4	0.59	16.45	1.14	16.88	
2019-04	16.61	11.59	0.79	49.62	1.36	50	
2019-05	16.04	11.19	0.74	59.02	1.25	59.11	
2019-06	16.5	11.51	0.81	66.92	1.29	66.92	
2019-07	15.44	10.78	0.7	61.68	1.12	62.19	
2019-08	14.27	9.99	0.58	41.32	0.95	41.84	
2019-09	16.53	11.56	0.84	65.49	1.22	66.29	
2019-10	15.03	10.51	0.68	43.65	1	44.1	
2019-11	15.02	10.51	0.69	21.39	0.98	23.21	
2019-12	16.05	11.23	0.8	43.22	1.08	44.03	
2020-01	16.55	11.58	0.86	71.37	1.12	71.93	
2020-02	17.64	12.34	0.98	71.25	1.22	71.74	
2020-03	16.22	11.35	0.82	60.72	1.01	60.96	
2020-04	14.58	10.19	0.63	7.4	0.78	7.4	
2020-05	14.82	10.37	0.65	-10.51	0.79	-9.87	
2020-06	14.54	10.17	0.61	-34.51	0.73	-33.48	
2020-07	16.92	11.87	0.86	1.44	0.99	18.28	
2020-08	18.03	12.62	0.96	55.02	1.09	61.86	
2020-09	17.24	12.06	0.87	65.87	0.96	69.07	
2020-10	16.21	11.34	0.75	52.68	0.82	50.73	
2020-11	15.85	11.09	0.7	15.18	0.75	11.01	
2020-12	21.25	14.87	1.24	76.79	1.31	71.47	
2021-01	26.38	18.46	1.71	92.99	1.79	92.68	
2021-02	25.4	17.77	1.56	89.76	1.62	89.76	
2021-03	25.29	17.7	1.49	83.7	1.55	83.7	
2021-04	29.21	20.44	1.81	93.71	1.87	93.71	
2021-05	36.61	25.62	2.42	99.2	2.49	99.2	
2021-06	47.05	33.24	3.22	99.37	3.35	99.32	
2021-07	61.94	43.36	4.28	98.13	4.38	98.05	
2021-08	61.19	42.83	3.97	88.55	4.06	88.35	
2021-09	57.03	39.92	3.45	76.97	3.52	76.88	
2021-10	59.55	41.68	3.45	81.03	3.52	80.92	
2021-11	63.44	44.4	3.55	89.33	3.61	89.25	
2021-12	58.22	40.75	3.02	67.16	3.08	67.16	
2022-01	50.77	35.54	2.4	22.09	2.44	21.48	
2022-02	52.38	36.67	2.41	12.33	2.44	12.33	
2022-03	54.58	39	2.44	15.54	2.54	19.76	
2022-04	41.91	29.33	1.58	-25.61	1.6	-28.99	
2022-05	44.4	31.08	1.67	-33.83	1.69	-36.89	
2022-06	46.86	32.8	1.75	-34.57	1.77	-38.48	
2022-07	47.12	33.03	1.7	-34.95	1.72	-40.47	
2022-08	43.09	30.23	1.42	-62.66	1.44	-64.32	
2022-09	37.19	26.09	1.06	-78.83	1.07	-79.76	
2022-10	31.67	22.21	0.73	-86.27	0.74	-87.33	
2022-11	35.43	24.85	0.9	-76.1	0.91	-76.38	
2022-12	35.44	24.86	0.88	-75.85	0.88	-76.83	
2023-01	34.02	23.86	0.77	-86.16	0.78	-86.27	
2023-02	35.3	24.76	0.81	-68.17	0.82	-68.17	
2023-03	34.84	24.44	0.76	-68.25	0.77	-68.36	
2023-04	37.25	26.13	0.86	-27.07	0.86	-26.93	
2023-05	33.12	23.28	0.63	-67.32	0.64	-67.1	
2023-06	30.63	21.55	0.49	-86.16	0.5	-85.53	
2023-07	30.69	21.6	0.47	-89.07	0.48	-88.99	
2023-08	27.22	19.15	0.29	-96.93	0.3	-96.86	
2023-09	25.16	17.7	0.19	-95.71	0.2	-95.71	
2023-10	24.05	16.92	0.13	-96.22	0.14	-96.06	
2023-11	25.15	17.7	0.17	-83.36	0.18	-83.32	
2023-12	22.9	16.11	0.06	-96.6	0.07	-96.6	
2024-01	20.7	14.56	-0.05	-98.58	-0.04	-98.58	
2024-02	18.78	13.21	-0.14	-94.77	-0.14	-94.77	
2024-03	20.83	14.66	-0.05	-80.27	-0.05	-80.27	
2024-04	18.94	13.33	-0.14	-93.66	-0.14	-93.71	
2024-05	18.86	13.27	-0.15	-91.2	-0.15	-91.2	
2024-06	18.17	12.79	-0.19	-93.56	-0.18	-93.51	
2024-07	18.93	13.32	-0.16	-79.89	-0.15	-79.93	
2024-08	20.02	14.09	-0.12	-46.55	-0.11	-46.51	
2024-09	18.57	13.07	-0.18	-74.25	-0.18	-74.2	
2024-10	27.14	19.09	0.18	13	0.19	12.8	
2024-11	29.33	20.63	0.26	49.87	0.27	49.96	
2024-12	27.92	19.64	0.19	58.77	0.2	58.89	
2025-01	24.98	17.58	0.06	47.77	0.06	47.82	
2025-02	25.77	18.13	0.08	55.36	0.09	55.36	
