month	ct_avg_Tdx收盘价	ct_avg_前复权价格	deviate_avg_100_ct_avg_Tdx收盘价	ct_avg_noise_avg_Tdx收盘价	deviate_avg_100_ct_avg_前复权价格	ct_avg_noise_avg_前复权价格
2009-11	8.07	1.21	-0.05	-6.12	1.2	95.62	
2009-12	8.29	1.25	-0.01	17.24	1.27	88.86	
2010-01	8.17	1.23	-0.01	21.87	1.2	84.33	
2010-02	8.67	1.3	0.06	35.54	1.32	85.89	
2010-03	10.91	1.64	0.34	69.02	1.88	98.45	
2010-04	11.04	1.66	0.36	68.71	1.86	88.78	
2010-05	8.22	1.23	0.02	29.84	1.12	48.21	
2010-06	8.26	1.25	0.03	18.35	1.12	30.59	
2010-07	7.87	1.18	-0.01	-5.28	1	5.15	
2010-08	10.44	1.57	0.33	46.83	1.62	48.58	
2010-09	11.57	1.74	0.47	72.65	1.85	72.51	
2010-10	10.5	1.58	0.34	67.91	1.55	68.02	
2010-11	10.75	1.62	0.38	72.08	1.57	72.32	
2010-12	10.16	1.53	0.31	55.2	1.39	54.89	
2011-01	9.9	1.49	0.29	25.13	1.33	25.4	
2011-02	11.23	1.69	0.46	63.45	1.6	64.35	
2011-03	11.81	1.78	0.54	78.49	1.7	78.88	
2011-04	10.92	1.64	0.42	66.17	1.45	65.7	
2011-05	10.66	1.64	0.39	41.23	1.38	52.81	
2011-06	12.12	1.82	0.58	80.91	1.6	81.33	
2011-07	12.78	1.92	0.66	89.85	1.7	91.07	
2011-08	11.45	1.72	0.49	62.19	1.39	57.26	
2011-09	10.36	1.56	0.34	9.69	1.14	11.69	
2011-10	9.96	1.5	0.29	-13.78	1.03	-17.41	
2011-11	10.52	1.58	0.36	-14.37	1.11	-19.48	
2011-12	8.53	1.28	0.1	-53.57	0.68	-54.91	
2012-01	6.88	1.03	-0.11	-76.09	0.34	-80.89	
2012-02	7.72	1.16	0	-74.11	0.49	-74.87	
2012-03	8.45	1.27	0.09	-70.29	0.63	-70.7	
2012-04	8.47	1.27	0.09	-65.07	0.61	-64.44	
2012-05	8.7	1.31	0.12	-47.15	0.64	-45.53	
2012-06	8.01	1.21	0.03	-64.38	0.49	-62.77	
2012-07	6.72	1.01	-0.13	-87.13	0.23	-85.96	
2012-08	6.66	1	-0.14	-86.99	0.22	-86.41	
2012-09	6.61	0.99	-0.15	-85	0.19	-84.96	
2012-10	6.5	0.98	-0.16	-87.45	0.17	-86.16	
2012-11	6.27	0.94	-0.19	-94.81	0.12	-92.94	
2012-12	6.23	0.94	-0.2	-84.06	0.11	-83.38	
2013-01	6.74	1.03	-0.13	-54.7	0.21	-49.82	
2013-02	6.63	1	-0.15	-51.55	0.16	-48.93	
2013-03	6.72	1.01	-0.14	-31.08	0.16	-27.64	
2013-04	6.27	0.94	-0.2	-65.48	0.07	-59.72	
2013-05	6.45	0.97	-0.17	-52.96	0.1	-51.38	
2013-06	5.92	0.89	-0.24	-65.55	0	-64.07	
2013-07	5.69	0.86	-0.27	-88.94	-0.04	-85.06	
2013-08	5.88	0.89	-0.25	-78.17	-0.01	-77.44	
2013-09	6.14	0.92	-0.22	-56.44	0.01	-53.43	
2013-10	6.2	0.93	-0.21	-40.03	0.01	-40.08	
2013-11	6.08	0.92	-0.23	-49.06	0	-48.98	
2013-12	6.39	0.96	-0.2	-9.25	0.03	-10.35	
2014-01	6.64	1	-0.17	29.51	0.06	29.72	
2014-02	7.3	1.1	-0.09	53.57	0.16	53.57	
2014-03	8.08	1.22	0	68.71	0.27	69.94	
2014-04	7.96	1.17	-0.01	75.67	0.21	73.21	
2014-07	8.6	1.19	0.06	86.07	0.19	72.44	
2014-08	9.08	1.37	0.11	92.18	0.36	94.56	
2014-09	9.4	1.41	0.14	93.92	0.38	94.09	
2014-10	9	1.35	0.09	82.74	0.31	82.29	
2014-11	8.81	1.28	0.06	70.03	0.23	58.39	
2014-12	7.96	1.2	-0.05	44.87	0.14	23.33	
2015-01	8.6	1.28	0.03	46.61	0.21	21.7	
2015-02	9.01	1.34	0.07	69.58	0.25	58.45	
2015-03	11.02	1.64	0.3	86.04	0.52	80.84	
2015-04	15.81	2.35	0.84	96.77	1.14	96.09	
2015-05	16.73	2.49	0.91	96.43	1.22	97.14	
2015-09	6.82	2.44	-0.22	60.97	1.03	70.85	
2015-10	7.65	2.62	-0.13	31.83	1.15	65.91	
2015-11	10.01	3.43	0.13	35.2	1.74	98.64	
2015-12	12.27	4.2	0.38	74.03	2.28	95.5	
2016-01	9.99	3.54	0.12	55.42	1.72	77.95	
2016-02	8.09	2.77	-0.09	-2.02	1.1	41.9	
2016-03	7.8	2.67	-0.12	-33.46	0.99	18.67	
2016-04	7.54	2.58	-0.15	-51.27	0.91	-4.51	
2016-05	6.22	2.13	-0.29	-66.03	0.55	-31.97	
2016-06	5.93	2.03	-0.32	-77.63	0.47	-48.39	
2016-07	6.19	2.12	-0.28	-73.64	0.53	-45.41	
2016-08	6.69	2.29	-0.22	-58.89	0.64	-33	
2016-09	7.54	2.58	-0.12	-36.52	0.82	-10.09	
2016-10	7.41	2.54	-0.13	-27.57	0.76	-5.25	
2016-11	8.33	2.85	-0.01	-5.36	0.94	33.2	
2017-03	9.05	3	0.08	13.01	0.92	70.15	
2017-04	8.26	2.83	-0.01	15.33	0.78	63.05	
2017-05	7.14	2.49	-0.15	-18.04	0.55	2.95	
2017-06	7.75	2.71	-0.07	2.48	0.66	-0.04	
2017-07	8.6	3.02	0.03	39.7	0.83	50.85	
2017-08	9.93	3.47	0.18	71.08	1.07	80.9	
2017-09	9.44	3.36	0.12	71.55	0.96	85.8	
2017-10	9.2	3.22	0.08	68.59	0.86	74.69	
2017-11	10.31	3.6	0.21	85.51	1.06	90.95	
2017-12	12.03	4.18	0.4	93.57	1.35	97.36	
2018-01	14.68	5.13	0.69	97.81	1.8	99.03	
2018-02	15.31	5.35	0.75	93.93	1.86	93.93	
2018-03	15.09	5.28	0.71	89.12	1.76	89.04	
2018-04	14.71	5.14	0.66	73.51	1.64	73.51	
2018-05	16.29	5.69	0.83	93.18	1.86	93.38	
2018-06	15.19	5.31	0.69	76.34	1.62	76.21	
2018-07	15.28	5.34	0.68	62.78	1.58	62.5	
2018-08	15.98	5.59	0.74	83.81	1.65	83.54	
2018-09	15.89	5.56	0.72	83.98	1.59	84.02	
2018-10	14.47	5.14	0.55	34.17	1.35	41.47	
2018-11	14.3	5.08	0.52	0.41	1.28	7.3	
2018-12	13.74	4.88	0.46	-28.53	1.16	-24.51	
2019-01	13.32	4.73	0.4	-49.19	1.07	-46.71	
2019-02	14.24	5.06	0.49	-37.8	1.17	-35.48	
2019-03	16.66	5.92	0.73	6.97	1.5	11.14	
2019-04	17.92	6.36	0.85	39.75	1.63	47.19	
2019-05	16.82	5.97	0.72	48.35	1.43	58.93	
2019-06	16.22	5.95	0.65	51.03	1.37	66.4	
2019-07	11.88	6.01	0.2	-23.84	1.36	67.16	
2019-08	12.79	6.47	0.29	-41.23	1.49	81.05	
2019-09	15.5	7.84	0.56	-5.13	1.95	94.87	
2019-10	16.15	8.17	0.61	29.22	2	95.58	
2019-11	14.74	7.46	0.47	16.71	1.68	78.91	
2019-12	14.74	7.45	0.46	-10.43	1.62	74.03	
2020-01	16.86	8.53	0.66	52.85	1.93	90.96	
2020-02	15.71	7.95	0.54	52.46	1.68	81.21	
2020-03	13.67	6.91	0.34	-10.51	1.29	35.59	
2020-04	13.42	6.79	0.31	-59.52	1.2	2.08	
2020-05	13.67	6.91	0.33	-65.82	1.2	-8.18	
2020-06	14.06	7.18	0.37	-58.62	1.24	-5.18	
2020-07	15.82	8.24	0.53	0.43	1.52	43.75	
2020-08	19.28	10.04	0.85	64.75	1.99	77.93	
2020-09	19.48	10.15	0.86	80.6	1.95	84.37	
2020-10	20.01	10.42	0.89	88.78	1.94	90.4	
2020-11	23.82	12.4	1.22	98.26	2.4	98.68	
2020-12	25.97	13.52	1.38	95.15	2.59	95.15	
2021-01	36.68	19.1	2.27	99.51	3.82	99.51	
2021-02	41.86	21.8	2.63	96.31	4.24	96.31	
2021-03	32.98	17.18	1.8	75.47	2.97	75.47	
2021-04	29.98	15.61	1.5	58.5	2.49	58.5	
2021-05	28.67	14.95	1.35	42.11	2.24	42.26	
2021-06	25.97	13.91	1.1	14.03	1.93	18.07	
2021-07	27.23	14.58	1.16	4.83	1.99	9.86	
2021-08	29.61	15.85	1.31	23.46	2.15	31.7	
2021-09	28.04	15.01	1.15	4.02	1.9	13.57	
2021-10	24.79	13.28	0.88	-34.26	1.51	-26.84	
2021-11	21.43	11.47	0.6	-57.95	1.12	-54.14	
2021-12	21.97	11.76	0.62	-68.09	1.13	-66.03	
2022-01	24.01	12.86	0.75	-53.15	1.29	-50.71	
2022-02	25.25	13.52	0.82	-32.09	1.35	-28.12	
2022-03	21.27	11.44	0.52	-62.26	0.95	-63.9	
2022-04	21.28	11.39	0.5	-75.75	0.91	-75.8	
2022-05	22.57	12.09	0.57	-68.42	0.99	-63.86	
2022-06	22.67	12.68	0.56	-55.1	1.05	-32.48	
2022-07	20.95	11.73	0.43	-87.46	0.86	-57.4	
2022-08	19.91	11.15	0.35	-90.84	0.74	-79.97	
2022-09	18.78	10.51	0.26	-93.11	0.62	-89.46	
2022-10	16.05	8.98	0.07	-99.16	0.37	-98.99	
2022-11	16.24	9.09	0.07	-88.47	0.37	-87.82	
2022-12	16.71	9.35	0.1	-81.86	0.39	-81.9	
2023-01	16.35	9.15	0.07	-85.05	0.35	-85.05	
2023-02	17.69	9.9	0.15	-55.45	0.44	-55.36	
2023-03	16.74	9.37	0.08	-60.6	0.34	-60.68	
2023-04	16.43	9.2	0.05	-69.88	0.3	-69.97	
2023-05	15.35	8.59	-0.02	-86.38	0.21	-86.29	
2023-06	14.65	8.2	-0.07	-91.65	0.14	-91.43	
2023-07	14.84	8.31	-0.06	-85.25	0.15	-85.25	
2023-08	14.82	8.29	-0.06	-81.72	0.13	-81.64	
2023-09	14.8	8.28	-0.07	-82.1	0.12	-82.32	
2023-10	14.04	7.86	-0.12	-95.8	0.06	-95.75	
2023-11	14.19	7.94	-0.11	-90.02	0.06	-90.22	
2023-12	13.16	7.37	-0.18	-98.72	-0.02	-98.68	
2024-01	12.48	6.99	-0.22	-96.83	-0.08	-96.83	
2024-02	12.34	6.91	-0.23	-91.07	-0.09	-91.13	
2024-03	13.06	7.31	-0.18	-71.51	-0.05	-71.68	
2024-04	15.22	8.52	-0.05	-21.38	0.11	-21.29	
2024-05	15.46	8.73	-0.04	5.49	0.13	6.16	
2024-06	14.05	8.16	-0.13	-6.06	0.04	5.12	
2024-07	13.96	8.11	-0.14	-8.73	0.03	13.04	
2024-08	13.41	7.79	-0.17	-46.96	-0.02	-20.94	
2024-09	13.03	7.57	-0.2	-61.7	-0.05	-44.78	
2024-10	14.58	8.46	-0.11	-8.58	0.05	21.58	
2024-11	14.63	8.49	-0.11	25.21	0.05	48.51	
2024-12	15.09	8.76	-0.09	54.91	0.07	68.3	
2025-01	14.88	8.64	-0.1	61.56	0.05	68.8	
2025-02	14.99	8.7	-0.1	60.71	0.05	68.75	
