month	ct_avg_Tdx收盘价	ct_avg_前复权价格	deviate_avg_100_ct_avg_Tdx收盘价	ct_avg_noise_avg_Tdx收盘价	deviate_avg_100_ct_avg_前复权价格	ct_avg_noise_avg_前复权价格
2008-09	5.19	0.24	-0.58	-90.13	-0.45	-85.25	
2008-10	4.63	0.21	-0.61	-94.37	-0.52	-91.65	
2008-11	4.31	0.2	-0.63	-91.34	-0.53	-90	
2008-12	5.14	0.23	-0.55	-71.74	-0.45	-69.68	
2009-01	5.31	0.24	-0.53	-56.44	-0.41	-57.62	
2009-02	6.29	0.29	-0.43	-25.27	-0.29	-24.78	
2009-03	6.6	0.3	-0.39	0.24	-0.25	0.2	
2009-04	8.86	0.4	-0.17	35.67	0.03	36.14	
2009-05	8.87	0.4	-0.15	47.95	0.03	49.7	
2009-06	8.88	0.41	-0.14	59.66	0.05	61.36	
2009-07	9.06	0.42	-0.11	70.54	0.11	73.21	
2009-08	8.51	0.39	-0.15	66.5	0.03	64.67	
2009-09	8.22	0.38	-0.16	39.53	0.03	42.17	
2009-10	8.71	0.4	-0.1	53.4	0.08	53.96	
2009-11	9.32	0.43	-0.02	74.83	0.19	74.87	
2009-12	9.85	0.45	0.05	84.98	0.25	83.81	
2010-01	12.57	0.6	0.35	95.98	0.67	92.5	
2010-02	14.66	0.67	0.58	98.75	0.86	95.54	
2010-03	15.28	0.7	0.65	92.31	0.94	92.2	
2010-04	14.93	0.68	0.62	88.52	0.89	87.67	
2010-05	11.57	0.53	0.26	50.8	0.47	46.25	
2010-06	11.52	0.53	0.26	37.64	0.47	30.73	
2010-07	10.39	0.47	0.14	1.01	0.31	-2.72	
2010-08	11.69	0.54	0.29	13.19	0.5	9.05	
2010-09	13.4	0.61	0.48	41.96	0.69	38.21	
2010-10	14.92	0.72	0.65	64.84	1	63.06	
2010-11	24.76	1.13	1.71	85.23	2.05	85.39	
2010-12	24.87	1.13	1.69	88.56	1.97	88.47	
2011-01	19.59	0.9	1.11	69.64	1.37	66.88	
2011-02	23.63	1.07	1.52	80.43	1.74	79.05	
2011-03	24.6	1.12	1.59	86.01	1.87	85.05	
2011-04	23.1	1.06	1.4	73.92	1.65	72.46	
2011-05	22.84	1.07	1.35	55.98	1.61	66.45	
2011-06	19.54	0.9	1	26.92	1.2	24.49	
2011-07	20.3	0.93	1.06	16.33	1.21	5.23	
2011-08	19.43	0.89	0.96	-7.22	1.12	-19.14	
2011-09	18.07	0.83	0.81	-31.03	0.93	-39.5	
2011-10	17.87	0.82	0.78	-40.9	0.91	-50.45	
2011-11	19.17	0.88	0.89	-29.67	1.05	-34.66	
2011-12	16	0.73	0.57	-66.62	0.66	-75.28	
2012-01	15.11	0.69	0.48	-79.76	0.57	-84.46	
2012-02	16.48	0.75	0.6	-69.37	0.67	-70.71	
2012-03	17.46	0.8	0.68	-45.41	0.78	-47.85	
2012-04	16.3	0.75	0.56	-74.05	0.67	-73.27	
2012-05	16.44	0.75	0.56	-75.21	0.63	-72.97	
2012-06	15.76	0.72	0.49	-79.42	0.57	-79.15	
2012-07	13.78	0.63	0.3	-92.05	0.37	-91.6	
2012-08	12.64	0.58	0.19	-94.57	0.23	-93.48	
2012-09	13.57	0.62	0.28	-79.02	0.32	-78.75	
2012-10	14.17	0.65	0.33	-66.17	0.38	-65.92	
2012-11	13.59	0.63	0.27	-65.42	0.31	-64.41	
2012-12	12.9	0.59	0.2	-77.89	0.23	-77.98	
2013-01	15.52	0.71	0.43	-21.79	0.48	-20.54	
2013-02	16.89	0.78	0.54	13.81	0.59	13.75	
2013-03	20.6	0.95	0.86	48.68	0.94	49.23	
2013-04	21.09	0.97	0.89	60.02	0.94	60.66	
2013-05	26.14	1.17	1.3	79.18	1.29	80.6	
2013-06	26.03	1.2	1.26	83.88	1.31	85.08	
2013-07	27.13	1.25	1.31	92.16	1.36	92.39	
2013-08	37.12	1.71	2.09	99.11	2.17	98.82	
2013-09	47.75	2.21	2.84	98.49	2.95	98.49	
2013-10	49.96	2.31	2.88	92.71	2.98	92.96	
2013-11	45.41	2.1	2.42	80.78	2.5	80.61	
2013-12	44.99	2.08	2.29	73.74	2.35	73.62	
2014-01	46.26	2.14	2.29	76.61	2.34	76.4	
2014-02	50.06	2.31	2.46	83.26	2.5	82.92	
2014-03	52.85	2.44	2.54	90.23	2.59	90.26	
2014-04	48.94	2.26	2.18	74.83	2.23	73.26	
2014-05	33.94	2.47	1.17	22.59	2.38	67.9	
2014-06	35.15	3.26	1.21	-19.33	3.29	95.45	
2014-07	36.46	3.38	1.24	-27.48	3.28	93.63	
2014-08	37.98	3.52	1.29	-26.49	3.29	97.45	
2014-09	41.24	3.82	1.44	-14.8	3.44	93.75	
2014-10	40.25	3.73	1.33	-21.83	3.19	85.91	
2014-11	38.78	3.59	1.2	-31.03	2.9	70.22	
2014-12	38.92	3.67	1.17	-30.18	2.82	71.04	
2015-01	45.3	4	1.47	1.79	3	92.86	
2015-02	50.48	4.54	1.69	35.55	3.37	97.8	
2015-03	54.21	5.01	1.81	61.52	3.6	97.52	
2015-04	57.24	5.91	1.89	70.41	4.18	98.17	
2015-05	40.81	7.56	1.03	26.52	5.2	99.37	
2015-06	39.89	7.39	0.95	20.11	4.73	87.67	
2015-07	27.15	4.85	0.32	-26.79	2.65	46.86	
2015-08	28.24	5.23	0.36	-41.03	2.79	41.84	
2015-09	23.81	4.41	0.14	-63.13	2.11	1.78	
2015-10	28.52	5.29	0.35	-61.66	2.6	11.5	
2015-11	30.92	5.73	0.45	-55.48	2.77	35.88	
2015-12	31.05	5.76	0.44	-48.21	2.67	35.71	
2016-01	24.14	4.47	0.11	-71.43	1.78	-6.79	
2016-02	22.11	4.1	0.01	-82.62	1.48	-46.67	
2016-03	21.92	4.06	0	-86.02	1.4	-65.53	
2016-04	24.69	4.58	0.11	-72.32	1.65	-53.88	
2016-05	22.21	4.12	0	-83.93	1.33	-76.11	
2016-06	22.91	4.26	0.02	-75.22	1.37	-68.35	
2016-07	24.24	4.5	0.07	-43.03	1.45	-38.73	
2016-08	24.37	4.53	0.07	-27.06	1.4	-26.67	
2016-09	25.5	4.74	0.11	0.04	1.46	2.68	
2016-10	25.26	4.71	0.09	12.98	1.39	17.69	
2016-11	23.61	4.39	0.02	-26.22	1.18	-25.57	
2016-12	21.53	4	-0.08	-58.6	0.95	-57.91	
2017-01	20.2	3.75	-0.14	-69.44	0.79	-68.9	
2017-02	20.94	3.89	-0.12	-70.04	0.83	-69.39	
2017-03	20.37	3.78	-0.15	-76.83	0.75	-76.2	
2017-04	19.28	3.58	-0.2	-91.27	0.63	-89.14	
2017-05	17.61	3.27	-0.27	-97.81	0.47	-97.19	
2017-06	17.47	3.25	-0.28	-93.39	0.44	-93.26	
2017-07	17.28	3.22	-0.29	-90.53	0.41	-90.73	
2017-08	16.73	3.41	-0.32	-90.37	0.48	-67.2	
2017-09	19.13	3.9	-0.22	-47.7	0.66	-18.15	
2017-10	18.77	3.82	-0.24	-32.41	0.61	-0.32	
2017-11	19.85	4.05	-0.2	-10.02	0.67	20.09	
2017-12	19.33	3.94	-0.22	2.76	0.61	28.7	
2018-01	18.05	3.68	-0.28	-12.66	0.48	11.08	
2018-02	16.86	3.43	-0.33	-55.42	0.36	-31.43	
2018-03	21.55	4.39	-0.14	14.49	0.71	43.59	
2018-04	23.95	4.88	-0.05	68.65	0.88	82.14	
2018-05	23.8	4.85	-0.06	76.66	0.84	84.21	
2018-06	21.83	4.46	-0.14	62.01	0.66	67.41	
2018-07	25.51	5.21	0	84.66	0.91	89.65	
2018-08	26.59	5.43	0.03	91.77	0.96	92.9	
2018-09	25.29	5.16	-0.02	79.14	0.83	78.81	
2018-10	19.26	3.93	-0.26	23.36	0.38	23.86	
2018-11	18.94	3.86	-0.27	-11.45	0.34	-10.06	
2018-12	17.59	3.59	-0.33	-45.85	0.23	-44.82	
2019-01	16.37	3.34	-0.37	-60.06	0.13	-59.13	
2019-02	20.08	4.1	-0.23	-38.99	0.38	-37.98	
2019-03	25.28	5.16	-0.03	12.71	0.71	13.44	
2019-04	26.56	5.42	0.02	42.77	0.77	43.75	
2019-05	24.3	4.97	-0.07	36.16	0.6	36.61	
2019-06	24.28	4.97	-0.07	42.1	0.58	42.72	
2019-07	22.63	4.63	-0.14	19.84	0.46	20.22	
2019-08	22.58	4.62	-0.14	0.45	0.44	1.14	
2019-09	26.91	5.5	0.03	61.52	0.69	62.05	
2019-10	25.48	5.21	-0.03	68.35	0.58	68.65	
2019-11	29.67	6.07	0.12	86.35	0.81	86.99	
2019-12	31.05	6.35	0.17	93.75	0.86	93.91	
2020-01	32.65	6.68	0.23	95.37	0.93	95.42	
2020-02	44.4	9.08	0.65	98.48	1.56	98.53	
2020-03	41.02	8.81	0.51	86.16	1.43	86.97	
2020-04	38.57	8.53	0.41	77.64	1.3	79.63	
2020-05	41.4	9.17	0.5	85.32	1.42	89.04	
2020-06	39.59	8.77	0.42	70.54	1.27	74.82	
2020-07	39.95	8.86	0.42	66.3	1.24	72.13	
2020-08	36.73	8.14	0.3	25.38	1.02	30.99	
2020-09	32.02	7.1	0.13	-10.15	0.74	-4.34	
2020-10	31.68	7.02	0.11	-26.73	0.69	-23.22	
2020-11	28.74	6.37	0	-48.98	0.51	-43.37	
2020-12	27.36	6.06	-0.05	-66.11	0.42	-58.89	
2021-01	28.95	6.42	0	-63.71	0.49	-57.54	
2021-02	31.41	6.96	0.07	-48.81	0.59	-45.54	
2021-03	29.19	6.47	-0.01	-53.96	0.46	-50.47	
2021-04	27.21	6.03	-0.08	-77.98	0.34	-77.93	
2021-05	27.6	6.12	-0.07	-75.94	0.35	-74.31	
2021-06	28.97	6.44	-0.03	-48.04	0.4	-44.94	
2021-07	29	6.45	-0.03	-51.1	0.38	-47.32	
2021-08	31.17	6.93	0.04	6.86	0.47	8.89	
2021-09	29.8	6.63	-0.01	8.62	0.39	10.13	
2021-10	29.96	6.67	0	11.22	0.38	12.72	
2021-11	31.93	7.1	0.06	51.66	0.45	54.22	
2021-12	34.54	7.68	0.15	76.75	0.55	77.87	
2022-01	35.04	7.8	0.17	80.36	0.56	81.06	
2022-02	32.76	7.29	0.1	57.81	0.44	58.87	
2022-03	29.66	6.53	0	26.61	0.28	16.38	
2022-04	26.06	5.8	-0.11	-20.35	0.13	-30.17	
2022-05	24.79	5.53	-0.15	-46.19	0.07	-53.06	
2022-06	25.38	5.68	-0.12	-54.34	0.09	-56.38	
2022-07	24.91	5.57	-0.13	-67.47	0.06	-69.81	
2022-08	24.01	5.37	-0.15	-90.41	0.02	-91.77	
2022-09	21.78	4.87	-0.23	-99.79	-0.08	-99.41	
2022-10	20.78	4.65	-0.26	-92.41	-0.12	-92.41	
2022-11	22.74	5.09	-0.19	-76.38	-0.04	-76.42	
2022-12	22.14	4.95	-0.21	-78.41	-0.07	-78.86	
2023-01	23.1	5.17	-0.16	-59.82	-0.03	-59.6	
2023-02	32.73	7.32	0.19	2.1	0.36	2.9	
2023-03	35.51	7.94	0.29	45.11	0.46	46.31	
2023-04	41.29	9.24	0.5	76.6	0.68	77.58	
2023-05	38.78	8.68	0.41	76.29	0.57	77.59	
2023-06	50.7	11.35	0.84	94.29	1.03	94.24	
2023-07	45.38	10.18	0.65	84.14	0.8	84.69	
2023-08	43.73	9.81	0.6	74.18	0.72	74.42	
2023-09	36.98	8.3	0.36	33.93	0.46	34.11	
2023-10	32.22	7.23	0.19	7.25	0.27	7.35	
2023-11	34.22	7.68	0.26	-6.17	0.34	-5.72	
2023-12	34.33	7.7	0.26	-14.71	0.34	-13.78	
2024-01	30.87	6.93	0.13	-45.74	0.2	-44.97	
2024-02	32.17	7.22	0.17	-45.6	0.25	-45.47	
2024-03	41.38	9.29	0.5	15.77	0.59	16.12	
2024-04	38.13	8.55	0.38	17.68	0.46	17.36	
2024-05	38.81	8.71	0.4	31.47	0.48	31.79	
2024-06	36.49	8.2	0.31	7.28	0.38	7.47	
2024-07	37.69	8.48	0.34	24.42	0.42	27.33	
2024-08	33	7.43	0.17	-27.72	0.24	-25.85	
2024-09	32.75	7.37	0.16	-48.5	0.22	-47.65	
2024-10	43.03	9.69	0.51	23.61	0.59	26.19	
2024-11	48.89	11.01	0.7	80.82	0.78	81.55	
2024-12	49.16	11.07	0.7	87.5	0.78	87.95	
2025-01	49.62	11.18	0.7	89.48	0.77	89.33	
