month	ct_avg_Tdx收盘价	ct_avg_前复权价格	deviate_avg_100_ct_avg_Tdx收盘价	ct_avg_noise_avg_Tdx收盘价	deviate_avg_100_ct_avg_前复权价格	ct_avg_noise_avg_前复权价格
2005-12	4.27	0.85	-0.56	-70.01	-0.53	-68.87	
2006-01	5.16	1.03	-0.47	-5.36	-0.43	-5.47	
2006-02	5.84	1.16	-0.4	27.14	-0.36	28.05	
2006-03	5.96	1.18	-0.38	43.97	-0.35	49.73	
2006-04	5.89	1.41	-0.39	47.99	-0.23	75.54	
2006-05	7.4	1.94	-0.23	70.38	0.06	87.45	
2006-06	6.74	1.77	-0.3	72.89	-0.04	83.97	
2006-07	7.27	1.91	-0.24	86.74	0.04	92.26	
2006-08	7.01	1.84	-0.26	79.23	-0.01	83.31	
2006-09	8.21	2.15	-0.13	95.45	0.16	95.96	
2006-10	8.09	2.12	-0.15	87.08	0.14	86.92	
2006-11	7.36	1.93	-0.22	64.53	0.04	65.22	
2006-12	10.52	2.76	0.11	93.15	0.47	93.11	
2007-01	13.74	3.61	0.44	98.21	0.9	98.21	
2007-02	14.5	3.8	0.51	94.52	0.98	94.23	
2007-03	17.08	4.48	0.76	98.7	1.3	98.54	
2007-04	22.39	5.9	1.27	98.7	1.95	98.68	
2007-05	26.15	6.86	1.6	98.21	2.33	98.16	
2007-06	31.24	8.21	2.04	96.81	2.85	96.81	
2007-07	29.88	7.86	1.84	86.48	2.59	86.44	
2007-08	39.4	10.36	2.64	98.14	3.54	98.17	
2007-09	43.9	11.54	2.92	94.24	3.85	94.24	
2007-10	55.98	14.72	3.81	96.83	4.86	96.83	
2007-11	42.07	11.06	2.52	74.03	3.25	73.98	
2007-12	43.36	11.3	2.53	67.95	3.19	66.83	
2008-01	46.08	12.12	2.65	75.2	3.33	75.24	
2008-02	45.03	11.84	2.47	59.82	3.08	59.58	
2008-03	41.93	11.03	2.16	46.22	2.69	46.85	
2008-04	34.63	9.05	1.56	-7.59	1.96	-8.76	
2008-05	30.97	11.54	1.25	-11.96	2.65	19.2	
2008-06	17.08	9	0.24	-55.13	1.79	-21.79	
2008-07	18.41	9.7	0.33	-60.29	1.94	-36.06	
2008-08	14.08	7.42	0.01	-86.18	1.21	-67.26	
2008-09	10.01	5.23	-0.28	-89.98	0.55	-81.16	
2008-10	8.43	4.44	-0.39	-92.99	0.31	-89.29	
2008-11	6.85	3.61	-0.5	-92.14	0.06	-88.62	
2008-12	8.05	4.24	-0.41	-81.02	0.24	-78.11	
2009-01	10.14	5.34	-0.26	-65.6	0.55	-65	
2009-02	14.3	7.53	0.05	-32.81	1.15	-27.37	
2009-03	17.16	9.04	0.26	-5.4	1.54	6.94	
2009-04	18.84	9.93	0.38	13.99	1.74	35.03	
2009-05	18.78	9.89	0.37	23.84	1.68	46.23	
2009-06	19.15	10.09	0.39	35.8	1.68	54.54	
2009-07	21.2	11.17	0.54	56.37	1.91	74.57	
2009-08	21.92	11.55	0.58	62.37	1.95	80.19	
2009-09	27.88	14.69	1	76.87	2.64	89.94	
2009-10	30.32	15.98	1.15	84.15	2.83	93.3	
2009-11	30.72	16.19	1.15	86.69	2.77	93.41	
2009-12	28.18	14.83	0.95	67.65	2.35	72.17	
2010-01	26.27	13.84	0.81	51.92	2.05	52.77	
2010-02	23.97	12.63	0.64	26.19	1.72	25.54	
2010-03	25.95	13.67	0.76	30.74	1.88	29.77	
2010-04	33.16	17.43	1.22	65.55	2.56	65.77	
2010-05	38.68	20.37	1.54	88.06	3.01	87.45	
2010-06	39.9	21.05	1.57	91.59	2.99	91.63	
2010-07	37.63	19.85	1.38	81.45	2.65	81.37	
2010-08	47.77	25.1	1.96	96.6	3.43	96.59	
2010-09	66.36	35.01	2.98	98.78	4.83	98.78	
2010-10	83.95	44.29	3.82	99.78	5.9	99.78	
2010-11	79.64	42.02	3.4	87.82	5.17	87.87	
2010-12	68.96	36.39	2.69	70.34	4.09	70.34	
2011-01	65.68	34.65	2.42	57.54	3.63	57.41	
2011-02	70.08	36.98	2.54	58.33	3.72	58.21	
2011-03	83.61	44.12	3.07	83.54	4.35	83.54	
2011-04	89.74	47.3	3.21	86.11	4.44	85.86	
2011-05	73.75	50.51	2.36	60.63	4.5	91.2	
2011-06	72.87	57.73	2.22	35.88	4.92	94.3	
2011-07	68.98	54.65	1.97	1.87	4.32	82.23	
2011-08	63.23	50.1	1.66	-21.27	3.66	60.71	
2011-09	58	45.95	1.39	-47.96	3.1	30.53	
2011-10	47.93	37.9	0.95	-62.98	2.28	-3.79	
2011-11	47.54	37.67	0.9	-75.57	2.16	-20.29	
2011-12	39.63	31.4	0.57	-91.15	1.57	-48.82	
2012-01	42.44	33.62	0.65	-79.05	1.68	-48.75	
2012-02	47.91	37.96	0.84	-62.23	1.94	-32.01	
2012-03	64.07	50.76	1.41	-14.33	2.79	11.2	
2012-04	70.04	55.47	1.57	21.2	2.98	40.76	
2012-05	46.74	68.79	0.69	-21.06	3.71	59.5	
2012-06	43.81	69.71	0.56	-53.44	3.56	66.47	
2012-07	39.67	63.12	0.4	-70.41	2.97	55.03	
2012-08	37.59	59.8	0.31	-77.41	2.63	50.93	
2012-09	33.65	53.54	0.17	-85.54	2.15	29.42	
2012-10	31.9	50.76	0.1	-86.61	1.9	7.74	
2012-11	32.44	51.61	0.1	-79.14	1.87	-3.29	
2012-12	34.6	55.05	0.17	-69.56	1.97	1.96	
2013-01	36.01	57.29	0.2	-48.84	2	25.58	
2013-02	33.51	53.33	0.11	-64.52	1.72	-6.01	
2013-03	30.81	49.02	0.01	-81.63	1.44	-42.22	
2013-04	28.2	44.87	-0.08	-90.68	1.19	-71.83	
2013-05	28.22	45.07	-0.09	-87.26	1.15	-76.7	
2013-06	24.45	39.19	-0.21	-99.05	0.84	-93.75	
2013-07	23.13	37.06	-0.26	-90.88	0.71	-88.28	
2013-08	28.24	45.26	-0.1	-62.95	1.04	-61.12	
2013-09	29.11	46.65	-0.08	-42.29	1.06	-39.71	
2013-10	26.82	42.98	-0.16	-56.2	0.87	-55.51	
2013-11	25.59	41.02	-0.21	-73.21	0.75	-72.96	
2013-12	24.16	38.71	-0.25	-75.93	0.63	-75.04	
2014-01	21.6	34.62	-0.34	-87.46	0.43	-87.08	
2014-02	21.8	34.94	-0.33	-85.66	0.43	-85.6	
2014-03	20.37	32.65	-0.38	-94.35	0.32	-94.35	
2014-04	20.2	32.37	-0.39	-88.9	0.29	-88.9	
2014-05	19.43	31.3	-0.41	-95.85	0.23	-95.31	
2014-06	19.27	31.19	-0.42	-93.08	0.21	-92.05	
2014-07	20.45	33.1	-0.39	-63.51	0.27	-60.79	
2014-08	23.17	37.51	-0.31	-18.07	0.42	-14.37	
2014-09	22.25	36.02	-0.34	-9.31	0.35	-5.4	
2014-10	21.65	34.97	-0.36	-8.04	0.29	-6.1	
2014-11	22.02	35.34	-0.35	4.95	0.29	2.23	
2014-12	25.02	40.16	-0.27	46.43	0.44	46.62	
2015-01	26.27	42.17	-0.24	66.83	0.5	67.46	
2015-02	24.83	39.84	-0.28	64.82	0.39	65.36	
2015-03	26.32	42.23	-0.24	82.02	0.46	82.27	
2015-04	29.8	47.83	-0.15	93.83	0.63	94.05	
2015-05	25.64	55.58	-0.27	64.46	0.86	96.56	
2015-06	22.84	55.19	-0.35	28.95	0.81	89.41	
2015-07	15.49	37.44	-0.56	-28.81	0.22	27.06	
2015-08	15.26	36.88	-0.57	-54.63	0.19	-0.55	
2015-09	13.2	31.89	-0.62	-74.55	0.02	-30.58	
2015-10	14.64	35.39	-0.58	-77.78	0.12	-32.77	
2015-11	15.44	37.32	-0.55	-67.98	0.17	-29	
2015-12	14.19	34.3	-0.59	-80.98	0.07	-52.21	
2016-01	12.37	29.9	-0.64	-93.93	-0.08	-79.29	
2016-02	11.78	28.47	-0.65	-90.3	-0.12	-84.29	
2016-03	12.6	30.44	-0.62	-80.09	-0.07	-75.93	
2016-04	13.39	32.35	-0.6	-59.33	-0.02	-57.5	
2016-05	13.22	31.95	-0.6	-55.44	-0.03	-55.27	
2016-06	13.96	33.77	-0.57	-19.73	0.01	-19.51	
2016-07	14.35	34.74	-0.55	0.98	0.04	1.66	
2016-08	13.42	32.51	-0.58	-14.98	-0.04	-13.35	
2016-09	12.81	31.03	-0.6	-40.58	-0.09	-39.51	
2016-10	12.6	30.51	-0.6	-61.83	-0.11	-60.71	
2016-11	13.2	31.98	-0.58	-42.53	-0.07	-40.54	
2016-12	12.68	30.71	-0.6	-67.33	-0.11	-66.88	
2017-01	12.26	29.69	-0.61	-78.47	-0.15	-77.83	
2017-02	12.68	30.71	-0.6	-55.8	-0.13	-55.46	
2017-03	12.66	30.65	-0.6	-47.71	-0.13	-47.36	
2017-04	12.07	29.22	-0.62	-82.04	-0.18	-81.7	
2017-05	11.14	26.97	-0.65	-95.94	-0.25	-95.71	
2017-06	11.12	26.94	-0.65	-89.33	-0.25	-89.16	
2017-07	13.9	33.69	-0.56	-34.99	-0.07	-34.95	
2017-08	18.49	44.83	-0.42	44.29	0.22	44.76	
2017-09	17.8	43.15	-0.44	78.02	0.17	78.36	
2017-10	15.11	36.62	-0.52	66.54	-0.02	66.7	
2017-11	14.04	34.04	-0.56	41.8	-0.09	41.92	
2017-12	13.59	32.94	-0.57	9.52	-0.13	9.69	
2018-01	14.51	35.18	-0.54	29.67	-0.07	29.67	
2018-02	12.6	30.54	-0.6	-20.77	-0.2	-20.77	
2018-03	13.22	32.05	-0.57	-36.97	-0.16	-36.73	
2018-04	13.01	31.55	-0.58	-55.75	-0.18	-55.36	
2018-05	12.58	30.5	-0.59	-66.52	-0.21	-66.27	
2018-06	11.7	28.37	-0.62	-81.07	-0.27	-81.07	
2018-07	10.99	26.71	-0.64	-87.22	-0.31	-87.18	
2018-08	10.38	25.23	-0.66	-94.53	-0.35	-94.53	
2018-09	9.78	23.77	-0.67	-96.05	-0.39	-96.1	
2018-10	9.67	23.51	-0.67	-93.4	-0.4	-93.4	
2018-11	10.15	24.67	-0.65	-77.03	-0.37	-77.07	
2018-12	9.38	22.81	-0.68	-93.3	-0.42	-93.35	
2019-01	8.93	21.72	-0.69	-96.06	-0.44	-96.1	
2019-02	9.59	23.33	-0.65	-79.23	-0.4	-79.46	
2019-03	11.29	27.45	-0.58	-21.26	-0.29	-21.22	
2019-04	11.33	27.56	-0.57	8.04	-0.28	8.12	
2019-05	11.41	27.74	-0.56	11.21	-0.28	11.43	
2019-06	13.09	31.89	-0.48	51.74	-0.17	51.97	
2019-07	11.62	28.36	-0.53	37.66	-0.26	38.39	
2019-08	11.6	28.32	-0.51	33.12	-0.25	34.62	
2019-09	11.51	28.1	-0.5	32.59	-0.26	33.62	
2019-10	10.43	25.45	-0.54	-10.76	-0.32	-9.67	
2019-11	9.96	24.31	-0.55	-42.3	-0.34	-41.2	
2019-12	10.39	25.35	-0.52	-41.84	-0.31	-40.66	
2020-01	10.88	26.54	-0.48	-28.29	-0.28	-25.95	
2020-02	9.67	23.61	-0.53	-59.42	-0.35	-58.66	
2020-03	9.02	22.01	-0.55	-80.88	-0.39	-80.52	
2020-04	9.02	22	-0.55	-82.61	-0.39	-82.4	
2020-05	9.65	23.56	-0.51	-68.75	-0.35	-68.65	
2020-06	9.63	23.5	-0.5	-59.24	-0.35	-59.15	
2020-07	11.94	29.14	-0.36	-4.23	-0.19	-4.15	
2020-08	13.3	32.47	-0.27	46.3	-0.09	46.68	
2020-09	11.46	27.98	-0.36	43.99	-0.2	44.16	
2020-10	10.97	26.77	-0.37	35.49	-0.23	35.44	
2020-11	12.17	29.71	-0.29	54.42	-0.14	54.55	
2020-12	12.68	30.94	-0.25	77.13	-0.09	77.91	
2021-01	15.67	38.23	-0.06	93.57	0.13	93.57	
2021-02	19.08	46.56	0.15	97.32	0.37	97.2	
2021-03	20.66	50.43	0.25	92.16	0.49	92.16	
2021-04	19.96	48.7	0.22	87.71	0.44	87.67	
2021-05	20.61	50.3	0.27	87.3	0.49	87.3	
2021-06	20.78	50.76	0.29	85.2	0.5	85.5	
2021-07	33.55	82.16	1.08	96.26	1.41	96.67	
2021-08	46.3	113.4	1.84	96.02	2.26	96.02	
2021-09	52.3	128.09	2.17	93.84	2.6	93.84	
2021-10	47.48	116.28	1.83	82.87	2.2	82.87	
2021-11	49.41	120.99	1.9	83.77	2.25	83.77	
2021-12	49.42	121.02	1.87	81.33	2.19	81.29	
2022-01	41.45	101.51	1.39	41.31	1.64	41.31	
2022-02	45.39	111.16	1.59	44.47	1.84	44.53	
2022-03	42.16	102.39	1.38	28.51	1.57	21.66	
2022-04	34.01	83.28	0.91	-10.57	1.07	-17.01	
2022-05	33.53	82.11	0.87	-24.11	1.02	-28.01	
2022-06	37.68	92.43	1.08	-20.03	1.24	-22.62	
2022-07	32.51	80.61	0.79	-48.6	0.93	-51.02	
2022-08	31.7	78.62	0.73	-56.02	0.86	-58.31	
2022-09	29.37	72.84	0.59	-74.92	0.71	-76.28	
2022-10	26.06	64.63	0.41	-86.77	0.5	-86.77	
2022-11	26.69	66.18	0.44	-85.35	0.53	-85.71	
2022-12	26.01	64.49	0.4	-86.61	0.48	-86.93	
2023-01	27	66.95	0.45	-77.29	0.52	-78.01	
2023-02	29.13	72.24	0.56	-48.57	0.63	-48.48	
2023-03	26.64	66.07	0.42	-65.18	0.48	-65.26	
2023-04	26.24	65.07	0.4	-72.6	0.45	-72.51	
2023-05	24.43	60.58	0.3	-87.05	0.35	-86.92	
2023-06	23.85	59.17	0.27	-90.4	0.31	-90.4	
2023-07	24.5	61.19	0.31	-83.29	0.35	-81.46	
2023-08	23.54	58.78	0.26	-85.17	0.29	-84.24	
2023-09	22.21	55.47	0.19	-97.54	0.22	-97.23	
2023-10	21.16	52.83	0.14	-97.9	0.16	-97.95	
2023-11	20.91	52.23	0.12	-92.53	0.14	-92.53	
2023-12	19.09	47.67	0.02	-98.3	0.04	-98.3	
2024-01	17.98	44.91	-0.04	-97.48	-0.02	-97.48	
2024-02	18	44.96	-0.04	-89.54	-0.02	-89.54	
2024-03	19.54	48.81	0.04	-66.79	0.06	-66.79	
2024-04	20.12	50.26	0.07	-48.57	0.09	-48.57	
2024-05	19.77	49.38	0.04	-44.51	0.06	-44.64	
2024-06	17.75	44.39	-0.07	-77.72	-0.05	-77.77	
2024-07	17.21	43.16	-0.1	-85.99	-0.08	-85.99	
2024-08	16.89	42.36	-0.11	-90.42	-0.1	-90.1	
2024-09	17.03	42.7	-0.11	-88.96	-0.09	-88.67	
2024-10	20.33	50.97	0.06	-22.72	0.08	-21.97	
2024-11	24.12	60.49	0.25	23.89	0.28	25.38	
2024-12	22.4	56.17	0.16	46.79	0.18	48.95	
2025-01	21.28	53.37	0.09	48.51	0.12	49.9	
