month	ct_avg_Tdx收盘价	ct_avg_前复权价格	deviate_avg_100_ct_avg_Tdx收盘价	ct_avg_noise_avg_Tdx收盘价	deviate_avg_100_ct_avg_前复权价格	ct_avg_noise_avg_前复权价格
2005-06	6.17	8.17	-0.69	-52.35	0.31	-51.58	
2005-07	6.63	8.87	-0.67	-6.89	0.4	-2.76	
2005-08	6.96	9.33	-0.65	19.95	0.45	30.44	
2005-09	6.72	9.01	-0.66	22.65	0.39	34.5	
2005-10	5.87	7.88	-0.7	-16.13	0.2	-9.71	
2005-11	5.56	7.46	-0.71	-46.6	0.13	-43.51	
2005-12	5.98	8.02	-0.69	-39.41	0.2	-33.24	
2006-01	6.24	8.36	-0.67	-12	0.24	-5.08	
2006-02	6	8.04	-0.68	-36.19	0.18	-30.2	
2006-03	5.73	7.68	-0.69	-57.92	0.11	-56.41	
2006-04	6.09	8.17	-0.67	-31.2	0.18	-29.15	
2006-05	7.64	10.17	-0.57	36.34	0.44	39.04	
2006-06	7.97	10.69	-0.55	64.53	0.5	67.41	
2006-07	7.77	10.42	-0.55	67.45	0.45	72.15	
2006-08	6.47	9.32	-0.62	53.13	0.28	53.18	
2006-09	5.14	8.7	-0.7	-1.25	0.19	16.54	
2006-10	5.32	9.02	-0.68	-24.78	0.22	17.38	
2006-11	5.8	9.81	-0.64	-24.31	0.31	48.42	
2006-12	6.14	10.39	-0.62	-24.11	0.38	72.02	
2007-01	7.71	13.05	-0.52	39.64	0.7	86.16	
2007-02	10.14	17.07	-0.36	75.25	1.19	97.02	
2007-03	10.2	17.28	-0.35	86.31	1.17	94.11	
2007-04	13.06	22.11	-0.16	95.96	1.72	99.4	
2007-05	14.41	24.59	-0.07	95.75	1.94	96.13	
2007-06	14.92	25.44	-0.03	93.28	1.97	93.24	
2007-07	13.11	22.29	-0.15	73.17	1.54	72.77	
2007-08	15.12	25.81	-0.01	91.44	1.86	91.03	
2007-09	17.26	29.43	0.13	96.47	2.17	96.34	
2007-10	18.15	31.53	0.19	93.56	2.3	93.7	
2007-11	16.6	28.3	0.09	77.98	1.89	75.69	
2007-12	16.8	28.65	0.11	75.85	1.85	71.61	
2008-01	16.81	28.67	0.11	73.94	1.79	70.82	
2008-02	18.53	31.28	0.23	75.26	1.96	69.41	
2008-03	12.65	28.46	-0.16	45.2	1.63	61.31	
2008-04	6.49	22.3	-0.56	-39.67	1.03	-7.99	
2008-05	7.39	25.36	-0.5	-47.13	1.26	-17.95	
2008-06	6.98	23.97	-0.52	-67.59	1.11	-28.08	
2008-07	6.47	22.24	-0.54	-85.43	0.93	-51.86	
2008-08	5.51	18.93	-0.6	-92.6	0.62	-76.79	
2008-09	5.5	18.9	-0.59	-84.73	0.6	-76.74	
2008-10	5.58	19.18	-0.57	-83.48	0.61	-78.26	
2008-11	5.91	20.32	-0.53	-70.89	0.69	-65.27	
2008-12	6	20.55	-0.51	-55.8	0.7	-53.73	
2009-01	5.95	20.45	-0.5	-49.64	0.67	-48.87	
2009-02	6.4	21.99	-0.44	-18.22	0.78	-16.34	
2009-03	6.26	21.52	-0.44	-5.2	0.72	-2.44	
2009-04	6.27	21.55	-0.42	9.57	0.71	9.65	
2009-05	6.5	22.3	-0.38	28.47	0.75	31	
2009-06	6.74	23.18	-0.34	49.35	0.8	53.98	
2009-07	7.46	25.74	-0.26	64.29	0.97	72.44	
2009-08	7.41	25.58	-0.25	59.48	0.94	71	
2009-09	6.85	23.58	-0.3	41.03	0.77	49.59	
2009-10	6.94	24.65	-0.28	27.97	0.83	58.82	
2009-11	7.46	25.34	-0.22	55.73	0.86	77.59	
2009-12	7.18	24.8	-0.24	47.85	0.8	62.42	
2010-01	7.14	24.63	-0.23	39.24	0.76	60.05	
2010-02	6.85	23.6	-0.26	-3.32	0.67	9.29	
2010-03	7.39	25.5	-0.19	38.08	0.78	48.56	
2010-04	8.07	27.8	-0.11	85.58	0.91	85.29	
2010-05	3.66	25.5	-0.59	-26.83	0.73	66.88	
2010-06	3.34	23.27	-0.62	-79.18	0.56	13.81	
2010-07	3.43	23.87	-0.61	-80.76	0.59	-5.2	
2010-08	3.44	24.02	-0.6	-81.59	0.58	-11.89	
2010-09	3.28	22.83	-0.61	-94.36	0.49	-60.71	
2010-10	3.51	24.44	-0.58	-70.59	0.58	-34.38	
2010-11	3.31	23.05	-0.6	-72.36	0.47	-41.28	
2010-12	3.21	22.64	-0.6	-87.59	0.43	-73.49	
2011-01	2.96	20.66	-0.63	-97.51	0.3	-91.87	
2011-02	2.98	20.8	-0.63	-89.82	0.29	-87.26	
2011-03	3.04	21.16	-0.62	-79.97	0.3	-79.35	
2011-04	3.21	22.35	-0.59	-52.68	0.36	-52.68	
2011-05	3.26	22.74	-0.58	-33.84	0.37	-27.17	
2011-06	2.98	21.22	-0.62	-72.28	0.27	-67.26	
2011-07	2.9	20.87	-0.63	-82.78	0.24	-75.85	
2011-08	2.55	18.37	-0.67	-93.09	0.08	-89.36	
2011-09	2.4	17.3	-0.68	-99.33	0.01	-99.02	
2011-10	2.35	16.9	-0.69	-94.7	-0.02	-94.7	
2011-11	2.65	19.13	-0.64	-66.71	0.11	-65.38	
2011-12	2.62	18.9	-0.64	-59.14	0.09	-57.22	
2012-01	2.76	19.88	-0.62	-31.38	0.14	-24.46	
2012-02	2.71	19.54	-0.63	-30.4	0.11	-22.9	
2012-03	2.64	19.01	-0.63	-27.6	0.07	-24.07	
2012-04	2.58	18.57	-0.64	-53.96	0.04	-52.42	
2012-05	2.57	18.53	-0.63	-56.82	0.04	-57.1	
2012-06	2.66	19.65	-0.61	-34.38	0.09	-24.33	
2012-07	2.69	20.11	-0.6	7.59	0.11	29.5	
2012-08	2.63	19.67	-0.61	-2.72	0.08	36.96	
2012-09	2.45	18.34	-0.63	-51.92	0.01	-7.68	
2012-10	2.42	18.08	-0.63	-65.18	-0.01	-34.72	
2012-11	2.36	17.69	-0.64	-81.13	-0.04	-59.58	
2012-12	2.42	18.1	-0.63	-77.25	-0.02	-67.77	
2013-01	2.68	20.09	-0.59	-23.17	0.08	-12.01	
2013-02	2.75	20.55	-0.57	8.99	0.1	21.49	
2013-03	2.93	21.95	-0.54	39.24	0.17	59.48	
2013-04	2.87	21.46	-0.55	50.2	0.13	71.28	
2013-05	2.83	21.47	-0.55	56.62	0.12	77.23	
2013-06	2.43	19.08	-0.61	4.31	-0.01	32.51	
2013-07	2.29	17.98	-0.63	-35.79	-0.07	-13.2	
2013-08	2.32	18.17	-0.63	-46.91	-0.06	-30.56	
2013-09	2.37	18.64	-0.62	-43.23	-0.05	-30.5	
2013-10	2.4	18.87	-0.61	-42.21	-0.04	-33.73	
2013-11	2.5	19.61	-0.59	-22.15	-0.01	4.21	
2013-12	2.45	19.26	-0.6	-27.39	-0.03	5.89	
2014-01	2.28	17.92	-0.62	-69.13	-0.1	-59.4	
2014-02	2.32	18.17	-0.61	-70.59	-0.09	-65.74	
2014-03	2.32	18.25	-0.61	-66.41	-0.09	-63.31	
2014-04	2.35	18.44	-0.6	-52.04	-0.09	-51.15	
2014-05	2.28	17.86	-0.61	-78.75	-0.12	-77.28	
2014-06	2.21	17.96	-0.62	-80.22	-0.12	-74.11	
2014-07	2.25	18.69	-0.61	-73.1	-0.09	-35.25	
2014-08	2.32	19.26	-0.6	-45.41	-0.07	25.17	
2014-09	2.47	20.51	-0.57	2.21	-0.01	56.76	
2014-10	2.56	21.28	-0.55	35.47	0.02	69.15	
2014-11	2.91	24.21	-0.48	68.26	0.15	87.28	
2014-12	3.86	32.07	-0.31	91.54	0.51	98.95	
2015-01	4.22	35.09	-0.24	89.91	0.63	90.27	
2015-02	3.7	30.79	-0.33	77.8	0.42	77.86	
2015-03	4.08	33.9	-0.26	85.15	0.54	85.07	
2015-04	5.22	43.45	-0.05	98.26	0.95	98.26	
2015-05	6.86	57.07	0.25	98.3	1.51	98.3	
2015-06	7.1	59.04	0.3	95.71	1.55	95.79	
2015-07	5.27	45	-0.03	64.13	0.92	67.08	
2015-08	4.96	42.7	-0.07	45.88	0.81	50.09	
2015-09	4.3	36.97	-0.18	4.91	0.56	9.33	
2015-10	4.24	36.48	-0.18	-8.14	0.53	-3.15	
2015-11	4.22	36.34	-0.17	-22.83	0.51	-20.79	
2015-12	4.01	34.5	-0.19	-42.43	0.43	-41.15	
2016-01	3.28	28.21	-0.32	-58.93	0.17	-57.05	
2016-02	2.97	25.54	-0.36	-67.32	0.06	-65.06	
2016-03	3.09	26.62	-0.32	-72.01	0.11	-70.23	
2016-04	3.04	26.17	-0.31	-78.79	0.09	-77.77	
2016-05	2.92	25.13	-0.31	-91.75	0.05	-91.28	
2016-06	2.92	25.12	-0.29	-87.28	0.05	-86.16	
2016-07	2.96	26.3	-0.26	-75	0.1	-61.18	
2016-08	3.02	26.99	-0.24	-53.34	0.13	-37.97	
2016-09	3.01	26.88	-0.23	-46.16	0.12	-30.49	
2016-10	3.02	26.95	-0.22	-34.04	0.12	-11.61	
2016-11	3.1	27.69	-0.19	-4.5	0.15	8.48	
2016-12	3.19	28.54	-0.16	16.52	0.18	29.02	
2017-01	3.26	29.14	-0.14	37.9	0.2	49.01	
2017-02	3.31	29.53	-0.12	51.69	0.21	58.68	
2017-03	3.25	29.06	-0.13	47.79	0.19	53.07	
2017-04	3.37	30.14	-0.09	67.91	0.23	68.9	
2017-05	3.39	30.29	-0.08	69.82	0.23	69.82	
2017-06	3.54	32.12	-0.03	76.79	0.3	79.67	
2017-09	3.46	31.76	-0.05	63.86	0.27	74.06	
2017-10	3.36	30.89	-0.07	46.01	0.23	39.65	
2017-11	3.43	31.5	-0.04	63.11	0.25	48.78	
2017-12	3.23	29.66	-0.09	27.59	0.18	5.61	
2018-01	3.18	29.22	-0.09	-17.69	0.16	-25.4	
2018-02	3.03	27.84	-0.12	-46.07	0.1	-51.13	
2018-03	3.06	28.17	-0.11	-52.8	0.11	-57.55	
2018-04	2.89	26.54	-0.14	-76.04	0.05	-81.7	
2018-05	2.9	26.61	-0.13	-80.03	0.05	-81.17	
2018-06	2.71	24.95	-0.17	-93.3	-0.02	-93.53	
2018-07	2.66	24.98	-0.18	-89.24	-0.01	-85.47	
2018-08	2.62	24.8	-0.18	-91.93	-0.02	-87.27	
2018-09	2.53	23.96	-0.2	-95.54	-0.05	-94.31	
2018-10	2.39	22.67	-0.23	-96.97	-0.1	-96.87	
2018-11	2.47	23.39	-0.2	-83.97	-0.08	-83.97	
2018-12	2.51	23.78	-0.18	-72.99	-0.06	-73.21	
2019-01	2.56	24.23	-0.16	-48.13	-0.04	-47.04	
2019-02	2.57	24.35	-0.16	-45.89	-0.04	-43.99	
2019-03	2.73	25.82	-0.1	0.72	0.02	5.44	
2019-04	2.76	26.13	-0.09	23.55	0.03	27.21	
2019-05	2.53	23.94	-0.17	-18.17	-0.06	-15.36	
2019-06	2.54	24.12	-0.16	-33.18	-0.05	-27.54	
2019-07	2.52	24.28	-0.17	-47.17	-0.05	-31.64	
2019-08	2.47	23.79	-0.18	-55.97	-0.07	-44.24	
2019-09	2.46	23.7	-0.18	-60.22	-0.07	-54.91	
2019-10	2.36	22.75	-0.21	-73.66	-0.11	-70.93	
2019-11	2.28	21.89	-0.24	-79.08	-0.14	-76.19	
2019-12	2.3	22.15	-0.23	-77.6	-0.13	-74.59	
2020-01	2.31	22.26	-0.22	-77.23	-0.13	-76.39	
2020-02	2.12	20.38	-0.29	-94.02	-0.21	-93.93	
2020-03	2.08	19.98	-0.3	-96.14	-0.22	-95.9	
2020-04	2.02	19.46	-0.32	-95.28	-0.24	-95.75	
2020-05	1.89	18.16	-0.36	-99.55	-0.29	-99.8	
2020-06	1.84	17.68	-0.38	-94.6	-0.31	-94.33	
2020-07	1.99	19.57	-0.33	-69.18	-0.24	-64.29	
2020-08	2.07	20.45	-0.3	-41.37	-0.2	-31.17	
2020-09	2.1	20.78	-0.28	-19.85	-0.19	-8.81	
2020-10	2.02	19.97	-0.31	-31.75	-0.22	-17.24	
2020-11	2.1	20.71	-0.28	-7.4	-0.19	6.51	
2020-12	2.17	21.45	-0.26	28.38	-0.17	36.96	
2021-01	2.12	20.95	-0.27	30	-0.19	35.13	
2021-02	2.08	20.58	-0.29	10.24	-0.2	16.9	
2021-03	2.21	21.85	-0.24	53.96	-0.15	60.13	
2021-04	2.27	22.45	-0.22	73.3	-0.13	77.3	
2021-05	2.41	23.8	-0.17	87.25	-0.08	91.12	
2021-06	2.44	24.14	-0.16	86.1	-0.07	88.99	
2021-07	2.32	23.23	-0.2	68.1	-0.1	74.07	
2021-08	2.42	24.29	-0.17	77.96	-0.06	84.9	
2021-09	2.99	30.08	0.03	97.5	0.16	98.93	
2021-10	2.89	29.03	0	88.22	0.11	88.28	
2021-11	2.53	25.43	-0.13	63.68	-0.03	64.73	
2021-12	2.9	29.09	0	82.3	0.11	82.34	
2022-01	2.84	28.54	-0.02	80.26	0.08	80.17	
2022-02	2.77	27.8	-0.05	62.28	0.05	61.94	
2022-03	2.68	26.46	-0.08	50.12	0	38.16	
2022-04	2.67	26.82	-0.09	19.97	0.01	14.99	
2022-05	3.27	32.87	0.12	79.93	0.23	73.78	
2022-06	3.75	37.64	0.28	96.09	0.4	94.81	
2022-07	4.05	40.71	0.37	94.47	0.5	93.71	
2022-08	4	40.21	0.35	87.77	0.47	87.69	
2022-09	4.36	43.82	0.46	91.41	0.58	91.45	
2022-10	4.58	46.01	0.52	94.48	0.64	94.53	
2022-11	4.34	43.54	0.43	80.84	0.54	80.68	
2022-12	4.1	41.21	0.34	60.92	0.45	60.92	
2023-01	4.18	41.96	0.36	50.95	0.46	51.28	
2023-02	3.92	39.37	0.27	15.18	0.37	15.13	
2023-03	3.88	38.97	0.25	0.62	0.34	0.74	
2023-04	3.86	38.74	0.24	-14.19	0.33	-13.86	
2023-05	4.04	40.6	0.29	4.55	0.4	4.33	
2023-06	3.86	38.75	0.23	-20.04	0.33	-20.4	
2023-07	3.71	38.13	0.19	-53.95	0.3	-49.53	
2023-08	3.59	36.99	0.15	-68.59	0.27	-65.41	
2023-09	3.7	38.15	0.19	-58.62	0.32	-51.61	
2023-10	3.65	37.78	0.18	-61.66	0.31	-55.78	
2023-11	3.79	39.68	0.23	-30.72	0.38	-13.47	
2023-12	4.14	43.3	0.36	25	0.51	40.95	
2024-01	4.25	44.44	0.4	48.9	0.54	65.14	
2024-02	4.58	47.91	0.51	71.81	0.66	87.75	
2024-03	4.98	52.06	0.64	89.33	0.79	97.23	
2024-04	5.09	53.25	0.67	93.3	0.82	93.3	
2024-05	5.28	55.24	0.73	96.52	0.87	96.43	
2024-06	5.82	60.83	0.9	98.4	1.04	98.31	
2024-07	5.85	61.78	0.89	90.57	1.04	91.93	
2024-08	5.49	58.09	0.76	68.87	0.9	71.55	
2024-09	5.08	53.79	0.62	39.8	0.75	42.57	
2024-10	5.12	54.2	0.62	27.63	0.74	32.24	
2024-11	4.77	51.35	0.5	-7.01	0.64	-0.51	
2024-12	4.67	50.3	0.46	-26.01	0.59	-21.39	
2025-01	4.29	46.27	0.34	-49.31	0.46	-44.49	
