month	ct_avg_Tdx收盘价	ct_avg_前复权价格	deviate_avg_100_ct_avg_Tdx收盘价	ct_avg_noise_avg_Tdx收盘价	deviate_avg_100_ct_avg_前复权价格	ct_avg_noise_avg_前复权价格
2009-12	171.54	21.12	1.27	87	1.79	87.23	
2010-01	166.53	20.5	1.17	73.08	1.64	73.57	
2010-02	169.38	20.85	1.17	82.8	1.62	83.15	
2010-03	161.3	19.85	1.03	43.71	1.44	43.91	
2010-04	145.47	17.91	0.81	-0.77	1.16	-0.42	
2010-05	131.86	16.23	0.62	-36.41	0.92	-36.88	
2010-06	134.31	16.53	0.63	-46.01	0.92	-46.34	
2010-07	133.81	16.61	0.61	-55.76	0.89	-54.42	
2010-08	150.23	18.67	0.78	-24.96	1.09	-19.44	
2010-09	165.28	20.54	0.93	18.09	1.24	21.66	
2010-10	166.02	20.63	0.91	35.49	1.21	36.88	
2010-11	179.58	22.31	1.03	50.16	1.33	52.31	
2010-12	194.22	24.13	1.16	63.51	1.46	64.63	
2011-01	177.21	22.02	0.94	52.23	1.2	53.08	
2011-02	182.4	22.66	0.96	62.44	1.22	64.23	
2011-03	181.3	22.53	0.92	64.67	1.16	65.76	
2011-04	177.2	22.02	0.84	46.62	1.07	46.95	
2011-05	191.47	23.81	0.96	75.36	1.19	76.1	
2011-06	206.63	25.68	1.07	92.56	1.31	92.99	
2011-07	198.2	27.39	0.96	84.52	1.4	98.77	
2011-08	207.98	28.73	1.02	92.16	1.46	96.04	
2011-09	199.86	27.61	0.91	72.96	1.31	80.27	
2011-10	196.37	27.13	0.84	50.06	1.22	68.86	
2011-11	206.41	28.52	0.9	74.51	1.29	85.23	
2011-12	199.68	27.59	0.81	58.64	1.17	67.73	
2012-01	185.23	25.59	0.66	-0.77	0.97	20.6	
2012-02	191.77	26.5	0.69	-14.24	1	12.72	
2012-03	202.2	27.94	0.75	25.89	1.07	46.88	
2012-04	211.88	29.28	0.81	57.41	1.12	65.44	
2012-05	226.54	31.29	0.9	74.23	1.22	79.34	
2012-06	239.69	33.12	0.98	92.5	1.3	93.79	
2012-07	251.95	35.29	1.04	95.21	1.39	96.02	
2012-08	238.04	33.41	0.89	77.56	1.21	79	
2012-09	237.54	33.22	0.86	67.48	1.16	69.69	
2012-10	245.79	34.5	0.89	81.55	1.19	84.57	
2012-11	227.43	31.92	0.73	44.56	0.99	47.77	
2012-12	206.9	28.99	0.55	-10.09	0.78	-5.78	
2013-01	199.76	28.04	0.48	-32.81	0.69	-28.48	
2013-02	180.46	25.33	0.32	-55.59	0.51	-53.45	
2013-03	174.17	24.45	0.26	-66.54	0.43	-64.33	
2013-04	171.41	24.06	0.23	-73.41	0.39	-71.92	
2013-05	193.73	27.19	0.38	-54.83	0.55	-54.06	
2013-06	193.92	27.89	0.36	-47.06	0.57	-40.81	
2013-07	185.55	26.9	0.29	-52.87	0.49	-43.59	
2013-08	174.44	25.29	0.2	-79.63	0.38	-70.98	
2013-09	145.59	21.1	0	-89.76	0.14	-84.77	
2013-10	139.48	20.22	-0.05	-91.37	0.08	-88.69	
2013-11	140.51	20.37	-0.05	-88.35	0.08	-87.2	
2013-12	132.38	19.19	-0.11	-97	0.01	-96.39	
2014-01	126.58	18.35	-0.15	-92.35	-0.04	-92.39	
2014-02	142.82	20.7	-0.05	-65.29	0.07	-65.35	
2014-03	162.68	23.58	0.07	-24.62	0.21	-23.6	
2014-04	169.16	24.52	0.11	7.06	0.24	8.55	
2014-05	155.29	22.51	0.01	0.22	0.13	1.25	
2014-06	151.65	22.52	-0.02	-8.97	0.12	-1.25	
2014-07	152.76	25.04	-0.02	-17.2	0.23	38.35	
2014-08	160.81	26.36	0.03	27.08	0.28	57.27	
2014-09	161.42	26.46	0.02	42.22	0.27	70.11	
2014-10	157.93	25.91	-0.01	32.84	0.23	63.84	
2014-11	153.34	25.21	-0.04	-3.62	0.19	55.22	
2014-12	178.37	29.33	0.1	58.27	0.37	87.89	
2015-01	184.7	30.37	0.13	78.75	0.4	90.09	
2015-02	181.51	29.84	0.11	84.05	0.36	88.21	
2015-03	192.49	31.65	0.16	93.18	0.43	95.33	
2015-04	225.82	37.13	0.35	98.98	0.65	98.94	
2015-05	257.82	42.39	0.53	96.87	0.86	96.87	
2015-06	256.42	42.16	0.51	88.94	0.83	88.94	
2015-07	234.55	40.58	0.37	70.81	0.74	75.66	
2015-08	199.91	36.79	0.16	31.72	0.56	51.19	
2015-09	195.21	35.92	0.12	6.79	0.51	31.92	
2015-10	204.74	37.68	0.17	8.04	0.57	34.66	
2015-11	214.97	39.56	0.23	19.05	0.63	58.37	
2015-12	217.9	40.1	0.24	25.16	0.63	64.75	
2016-01	202.81	37.32	0.15	-10.09	0.51	23.48	
2016-02	206.47	38	0.17	-25.84	0.53	3.93	
2016-03	233.89	43.04	0.32	33.81	0.71	70.19	
2016-04	245.71	45.22	0.38	62.9	0.79	81.87	
2016-05	253.32	46.62	0.42	72.62	0.83	87.33	
2016-06	277.34	51.04	0.55	81.34	0.98	95.49	
2016-07	311.67	58.59	0.73	92.52	1.24	97.02	
2016-08	308.72	58.03	0.7	86.8	1.19	88.28	
2016-09	299.45	56.29	0.64	74.2	1.1	74.82	
2016-10	308.65	58.02	0.68	84.04	1.13	84.54	
2016-11	315.26	59.26	0.7	88.8	1.14	89	
2016-12	327.18	61.5	0.74	93.95	1.19	93.87	
2017-01	348.21	65.46	0.83	98.01	1.29	98.01	
2017-02	352.19	66.21	0.83	95.63	1.27	95.63	
2017-03	375.6	70.61	0.92	98.37	1.38	98.37	
2017-04	401.41	75.46	1.03	99.21	1.49	99.21	
2017-05	427.51	80.37	1.12	98.48	1.59	98.44	
2017-06	466.82	87.76	1.28	98.54	1.76	98.54	
2017-07	463.22	88.16	1.22	89.88	1.72	90.94	
2017-08	488.77	93.28	1.31	97.98	1.8	98.17	
2017-09	495.49	94.56	1.3	93.79	1.78	93.79	
2017-10	573.52	109.46	1.61	99.79	2.13	99.79	
2017-11	656.18	125.23	1.91	96.43	2.47	96.43	
2017-12	661.08	126.16	1.87	92.52	2.4	92.52	
2018-01	758.5	144.76	2.21	97.97	2.77	97.97	
2018-02	720.87	137.57	1.98	85.12	2.48	85.12	
2018-03	722.21	137.83	1.92	82.26	2.38	82.26	
2018-04	682.99	130.35	1.71	57.24	2.12	57.24	
2018-05	718.58	137.14	1.79	68.1	2.19	68.1	
2018-06	764.86	146.99	1.9	82.95	2.32	84.42	
2018-07	728.58	141.03	1.7	71.31	2.1	77.43	
2018-08	674.55	130.57	1.45	22.2	1.8	31.25	
2018-09	670.43	129.77	1.39	-3.57	1.72	1.64	
2018-10	639.09	123.7	1.24	-21.38	1.53	-14.98	
2018-11	563.22	109.02	0.94	-53.17	1.19	-49.39	
2018-12	584.22	113.08	0.99	-56.78	1.23	-54.38	
2019-01	648.36	125.5	1.17	-34.66	1.43	-32.51	
2019-02	729.17	141.14	1.4	9.4	1.67	10.06	
2019-03	780.53	151.08	1.51	32.23	1.79	32.82	
2019-04	925.97	179.23	1.91	59.35	2.21	61.27	
2019-05	893.51	172.95	1.75	64.47	2.02	66.65	
2019-06	929.21	180.01	1.8	82.71	2.06	84.77	
2019-07	976.56	191.82	1.87	90.68	2.17	91.23	
2019-08	1038.81	204.05	1.98	94.64	2.27	94.64	
2019-09	1138.11	223.55	2.18	97.14	2.47	97.14	
2019-10	1173.25	230.45	2.19	96.73	2.47	96.73	
2019-11	1202.04	236.11	2.18	96.77	2.45	96.77	
2019-12	1151.94	226.27	1.97	77.19	2.21	77.23	
2020-01	1096.08	215.3	1.76	53.46	1.98	53.68	
2020-02	1078.25	211.79	1.66	38.75	1.85	39.11	
2020-03	1089.24	213.95	1.63	30.52	1.81	31.09	
2020-04	1202.93	236.28	1.84	54.17	2.02	54.17	
2020-05	1336.96	262.61	2.07	84.23	2.26	84.23	
2020-06	1423.5	280.11	2.18	96.61	2.37	96.61	
2020-07	1656.73	329.22	2.58	97.59	2.83	97.59	
2020-08	1681.96	334.23	2.52	92.86	2.75	92.86	
2020-09	1707.59	339.32	2.47	88.8	2.68	88.8	
2020-10	1703.41	338.49	2.36	86.05	2.55	86.05	
2020-11	1723.63	342.51	2.31	88.56	2.48	88.56	
2020-12	1837.58	365.15	2.42	98.52	2.59	98.52	
2021-01	2095.01	416.31	2.77	98.12	2.95	98.12	
2021-02	2299.47	456.94	2.99	97.38	3.17	97.38	
2021-03	2023.66	402.13	2.4	78.34	2.55	78.34	
2021-04	2062.17	409.78	2.36	79.59	2.5	79.59	
2021-05	2061.75	409.7	2.26	66.07	2.39	66.07	
2021-06	2151.94	428.35	2.3	79.55	2.43	80.14	
2021-07	1928.39	386.73	1.88	33.93	2.01	37.66	
2021-08	1661.33	333.17	1.43	-17.29	1.53	-15.66	
2021-09	1685.65	338.05	1.41	-28.57	1.51	-27.86	
2021-10	1858.65	372.75	1.6	-21.09	1.7	-19.75	
2021-11	1836.06	368.22	1.51	-24.84	1.6	-23.9	
2021-12	2063.03	413.74	1.75	22.52	1.84	25.16	
2022-01	1944.1	389.89	1.53	18.8	1.61	21.71	
2022-02	1852.32	371.48	1.36	-7.37	1.43	-6.14	
2022-03	1750.51	347.31	1.18	-39.29	1.23	-43.71	
2022-04	1779.47	356.87	1.17	-48.68	1.24	-48.82	
2022-05	1772.47	355.46	1.12	-59.4	1.18	-56.77	
2022-06	1911.47	383.55	1.24	-21.77	1.3	-20.49	
2022-07	1961.25	397.49	1.25	21.85	1.34	28.4	
2022-08	1897.74	384.62	1.14	32.03	1.21	43.36	
2022-09	1859.07	376.78	1.05	2.72	1.12	31.29	
2022-10	1603.72	325.03	0.74	-43.75	0.8	-27.96	
2022-11	1524.74	309.02	0.63	-73.09	0.69	-67.45	
2022-12	1726.02	350.62	0.82	-66.96	0.88	-63.07	
2023-01	1844.33	378.52	0.91	-32.03	0.99	-19.42	
2023-02	1826.75	374.91	0.86	-9.11	0.94	6.07	
2023-03	1779.76	365.27	0.78	-18.32	0.86	-0.78	
2023-04	1751.97	359.57	0.73	-31.91	0.8	-8.51	
2023-05	1708.06	350.55	0.66	-58.48	0.72	-42.01	
2023-06	1703.72	349.93	0.63	-63.3	0.69	-53.75	
2023-07	1756.86	366.09	0.66	-45.49	0.74	-20.58	
2023-08	1842.1	383.86	0.71	21.58	0.8	40.92	
2023-09	1827.22	380.75	0.67	42.32	0.76	60.31	
2023-10	1705.9	355.48	0.54	6.83	0.62	26.05	
2023-11	1779.73	370.86	0.59	10.47	0.66	33.36	
2023-12	1688.78	353.45	0.49	-39.03	0.56	-17.6	
2024-01	1639.09	345.51	0.42	-69.24	0.51	-50.08	
2024-02	1679.33	353.99	0.44	-76.02	0.52	-57.02	
2024-03	1701.58	358.68	0.44	-59.44	0.52	-40.14	
2024-04	1680.46	354.23	0.41	-61.79	0.48	-46.88	
2024-05	1705.18	359.44	0.41	-42.32	0.48	-20.76	
2024-06	1546.93	328.79	0.26	-85.01	0.34	-77.16	
2024-07	1457.73	313.6	0.18	-94.25	0.27	-91.54	
2024-08	1416.01	304.62	0.13	-95.94	0.22	-95.62	
2024-09	1395.33	300.18	0.11	-94.92	0.19	-94.92	
2024-10	1565.79	336.85	0.23	-54.27	0.32	-49.8	
2024-11	1554.5	334.42	0.21	-40.77	0.29	-33.21	
2024-12	1532.74	331.61	0.18	-41.64	0.27	-27.84	
2025-01	1452.92	317.47	0.11	-64.38	0.2	-51.29	
