month	ct_avg_Tdx收盘价	ct_avg_前复权价格	deviate_avg_100_ct_avg_Tdx收盘价	ct_avg_noise_avg_Tdx收盘价	deviate_avg_100_ct_avg_前复权价格	ct_avg_noise_avg_前复权价格
2005-10	3.93	0.45	-0.65	-51.06	-0.62	-49.94	
2005-11	3.73	0.42	-0.66	-77.31	-0.64	-74.07	
2005-12	3.64	0.42	-0.67	-83.4	-0.64	-80.32	
2006-01	4.12	0.47	-0.62	-29.97	-0.6	-29.41	
2006-02	4.15	0.47	-0.62	1.89	-0.6	0.21	
2006-03	4.12	0.47	-0.62	11.8	-0.59	13.51	
2006-04	5.03	0.57	-0.53	50.47	-0.51	45.76	
2006-05	7.52	0.86	-0.29	80.75	-0.26	79.61	
2006-06	7.95	0.87	-0.25	88.47	-0.24	84.01	
2006-07	5.53	0.83	-0.47	69.56	-0.28	81.76	
2006-08	4.9	0.72	-0.53	44.92	-0.37	63.2	
2006-09	5.29	0.77	-0.48	51.62	-0.32	65.26	
2006-10	5.65	0.83	-0.44	61.08	-0.27	75.26	
2006-11	4.94	0.72	-0.51	13.96	-0.36	35.92	
2006-12	5.16	0.75	-0.48	9.44	-0.33	30.53	
2007-01	5.99	0.88	-0.39	41.12	-0.21	53.35	
2007-02	6.96	1.02	-0.29	75.06	-0.09	85.3	
2007-03	8.24	1.2	-0.16	86	0.07	93.83	
2007-04	9.7	1.42	-0.01	94.9	0.27	98	
2007-05	11.87	1.74	0.21	94.64	0.54	98.21	
2007-06	9.08	1.33	-0.08	74.92	0.18	76.4	
2007-07	8.38	1.24	-0.15	55.92	0.1	56.78	
2007-08	10.58	1.57	0.08	79.54	0.38	80.55	
2007-09	10.63	1.57	0.08	82.19	0.37	82.9	
2007-10	9.19	1.36	-0.06	53.52	0.19	53.77	
2007-11	8.34	1.24	-0.15	12.22	0.09	13.6	
2007-12	9.02	1.34	-0.07	12.5	0.18	14.64	
2008-01	10.32	1.53	0.07	48.42	0.35	50.04	
2008-02	10.39	1.54	0.08	56.78	0.36	57.86	
2008-03	10.46	1.55	0.1	61.48	0.37	62.84	
2008-04	8.65	1.28	-0.09	25.43	0.13	25.59	
2008-05	7.83	1.16	-0.17	-33.36	0.04	-30.94	
2008-06	6.58	0.97	-0.29	-71.34	-0.12	-70.8	
2008-07	6.61	0.98	-0.27	-77.21	-0.1	-77.21	
2008-08	5.36	0.79	-0.4	-88.61	-0.26	-88.73	
2008-09	4.57	0.68	-0.48	-92.48	-0.36	-91.73	
2008-10	3.78	0.56	-0.56	-98.66	-0.46	-98.62	
2008-11	4.07	0.6	-0.52	-85.36	-0.41	-85.22	
2008-12	4.55	0.67	-0.45	-69.76	-0.34	-69.6	
2009-01	4.66	0.69	-0.43	-58.27	-0.31	-58.63	
2009-02	5.66	0.84	-0.29	-27.72	-0.14	-27.63	
2009-03	5.73	0.85	-0.27	-8.77	-0.12	-8.48	
2009-04	6.42	0.95	-0.17	19.73	-0.01	20.45	
2009-05	6.85	1.02	-0.11	36.76	0.06	36.91	
2009-06	7.2	1.07	-0.06	47.12	0.13	47.4	
2009-07	8.52	1.26	0.13	69.57	0.33	70.19	
2009-08	10.5	1.56	0.4	84.4	0.64	84.74	
2009-09	10.64	1.58	0.43	86.97	0.68	87.01	
2009-10	11.91	1.76	0.6	93.58	0.85	93.81	
2009-11	13.08	1.95	0.76	96.43	1.05	96.73	
2009-12	13.42	1.99	0.8	93.87	1.07	93.17	
2010-01	14.71	2.18	0.97	97.5	1.27	97.41	
2010-02	12.25	1.82	0.64	69.17	0.88	68.21	
2010-03	12.47	1.85	0.66	55.2	0.89	53.07	
2010-04	13.49	2	0.79	67.45	1.04	66.41	
2010-05	10.84	1.61	0.44	17.41	0.63	15.49	
2010-06	10.95	1.62	0.45	-6.39	0.62	-8.55	
2010-07	9.53	1.41	0.26	-31.82	0.41	-33	
2010-08	11.25	1.67	0.49	-17.86	0.67	-19.48	
2010-09	11.97	1.77	0.58	9.35	0.75	7.05	
2010-10	11.64	1.72	0.54	-9.04	0.7	-11.11	
2010-11	12.77	1.89	0.68	30.88	0.85	29.02	
2010-12	11.93	1.77	0.57	29.02	0.72	27.83	
2011-01	10.29	1.52	0.35	-28.57	0.48	-29.42	
2011-02	10.57	1.56	0.39	-44.35	0.51	-43.63	
2011-03	11.4	1.69	0.49	-18.21	0.62	-20.85	
2011-04	10.95	1.62	0.43	-26.97	0.54	-28.2	
2011-05	10.04	1.49	0.31	-66.2	0.42	-67.82	
2011-06	9.32	1.38	0.21	-79.8	0.3	-80.19	
2011-07	10.13	1.5	0.32	-65.18	0.42	-65.22	
2011-08	9.27	1.37	0.2	-84.82	0.28	-84.47	
2011-09	8.7	1.29	0.13	-94.94	0.21	-94.22	
2011-10	8.22	1.22	0.06	-97.21	0.14	-96.6	
2011-11	8.42	1.25	0.09	-86.73	0.16	-86.44	
2011-12	6.9	1.02	-0.11	-98.09	-0.06	-97.85	
2012-01	6.19	0.92	-0.2	-95.65	-0.15	-95.18	
2012-02	6.8	1.01	-0.12	-80.49	-0.06	-80.58	
2012-03	7.09	1.05	-0.08	-72.41	-0.03	-71.92	
2012-04	7.14	1.06	-0.08	-68.33	-0.03	-68.22	
2012-05	7.18	1.06	-0.07	-54.1	-0.03	-54.99	
2012-06	6.82	1.01	-0.12	-71.05	-0.07	-72.14	
2012-07	6.24	0.92	-0.19	-86.08	-0.16	-86.36	
2012-08	6.25	0.93	-0.19	-83.7	-0.15	-82.65	
2012-09	6.53	0.97	-0.15	-67.95	-0.11	-63.66	
2012-10	6.36	0.95	-0.17	-75.55	-0.14	-73.66	
2012-11	6	0.9	-0.22	-91.15	-0.18	-87.83	
2012-12	5.9	0.88	-0.23	-84.18	-0.2	-82.99	
2013-01	6.61	0.99	-0.14	-45.09	-0.11	-40.94	
2013-02	7.12	1.06	-0.08	-5.36	-0.05	-1.61	
2013-03	7.86	1.17	0.02	32.19	0.05	35.25	
2013-04	7.56	1.13	-0.02	40.08	0.01	43.95	
2013-05	8.51	1.27	0.09	67.94	0.12	71.55	
2013-06	7.53	1.12	-0.04	60.98	-0.01	63.18	
2013-07	7.23	1.08	-0.08	35.37	-0.05	36.65	
2013-08	8.09	1.21	0.03	70.9	0.06	73.3	
2013-09	7.96	1.19	0.01	75.66	0.03	76.93	
2013-10	8.36	1.25	0.05	85.91	0.08	85.76	
2013-11	8.12	1.22	0.01	65.6	0.04	66.5	
2013-12	8.63	1.29	0.07	88.88	0.09	87.95	
2014-01	8.25	1.24	0.02	68.88	0.05	68.54	
2014-02	10.71	1.61	0.31	96.48	0.34	95.48	
2014-03	11.61	1.74	0.41	95.96	0.44	95.83	
2014-04	11.6	1.74	0.39	89.92	0.43	90.35	
2014-05	10.57	1.58	0.26	72.37	0.28	71.88	
2014-06	11.81	1.77	0.4	87.95	0.42	87.5	
2014-07	13.82	2.07	0.61	95.88	0.64	96.08	
2014-08	14.84	2.23	0.71	97.23	0.74	96.98	
2014-09	18.4	2.76	1.1	98.98	1.12	98.98	
2014-10	17.38	2.61	0.96	85.91	0.98	86.06	
2014-11	16.27	2.44	0.81	74.2	0.83	74.11	
2014-12	15.7	2.36	0.73	61.34	0.75	61.49	
2015-01	15.38	2.31	0.68	41.34	0.7	41.56	
2015-02	19.17	2.88	1.06	76.25	1.09	76.55	
2015-03	23.86	3.58	1.51	94.16	1.54	94.16	
2015-04	24.22	3.64	1.5	89.67	1.53	89.84	
2015-05	26.84	4.03	1.71	92.9	1.74	93.03	
2015-06	32.99	4.95	2.25	93.28	2.28	93.41	
2015-07	22.46	3.07	1.18	62.22	1.01	50.85	
2015-08	22.94	3.45	1.2	54.12	1.23	51.57	
2015-09	16.6	2.49	0.58	5.04	0.6	-0.18	
2015-10	21.54	3.24	1.03	8.25	1.05	2.21	
2015-11	26.2	3.94	1.43	45.37	1.46	42.43	
2015-12	23.38	3.51	1.14	28.84	1.17	34.55	
2016-01	20.39	3.06	0.85	3.3	0.87	8.84	
2016-02	17.62	2.65	0.59	-42.92	0.61	-43.15	
2016-03	17.3	2.6	0.55	-60.83	0.56	-60.98	
2016-04	17.88	2.69	0.59	-62.23	0.6	-62.23	
2016-05	19	2.85	0.67	-57.06	0.69	-57.02	
2016-06	21.79	3.28	0.9	-5.76	0.92	-3.48	
2016-07	22.17	3.34	0.91	23.51	0.93	25.21	
2016-08	20.04	3.02	0.71	-9.74	0.73	-7.38	
2016-09	19.4	2.92	0.64	-39.24	0.66	-34.11	
2016-10	19.83	2.98	0.66	-31.64	0.67	-30.64	
2016-11	19.24	2.89	0.59	-52.44	0.61	-52.07	
2016-12	17.99	2.71	0.47	-77.92	0.49	-77.11	
2017-01	18.19	2.74	0.47	-71.63	0.49	-71.63	
2017-02	18.12	2.73	0.45	-69.05	0.47	-69	
2017-03	18.54	2.82	0.47	-51	0.49	-42.59	
2017-04	16.36	2.58	0.28	-71.73	0.36	-59.03	
2017-05	15.7	2.36	0.22	-84.6	0.23	-91.12	
2017-06	15.71	2.37	0.21	-85.51	0.22	-87.62	
2017-07	15.85	2.39	0.21	-80.78	0.23	-80.7	
2017-08	15.96	2.41	0.21	-75	0.22	-74.81	
2017-09	16.82	2.54	0.27	-40.9	0.28	-41.88	
2017-10	16.72	2.52	0.25	-26.79	0.26	-29.04	
2017-11	15.07	2.27	0.12	-69.81	0.13	-71.18	
2017-12	15.5	2.34	0.15	-74.36	0.16	-74.23	
2018-01	14.25	2.15	0.06	-88.76	0.06	-88.8	
2018-02	11.91	1.8	-0.12	-97.74	-0.11	-96.13	
2018-03	12.94	1.95	-0.04	-86.73	-0.03	-86.2	
2018-04	14.11	2.13	0.04	-68.01	0.05	-67.91	
2018-05	14.51	2.19	0.07	-47.81	0.08	-47.48	
2018-06	12.92	1.95	-0.04	-75	-0.03	-75.27	
2018-07	13.67	2.07	0.01	-60.39	0.02	-59.13	
2018-08	12.63	1.91	-0.07	-80.86	-0.05	-79.58	
2018-09	13.47	2.04	-0.01	-60.1	0	-58.69	
2018-10	11.72	1.77	-0.14	-87.25	-0.13	-86.06	
2018-11	11.89	1.8	-0.12	-84.74	-0.11	-83.81	
2018-12	11.74	1.78	-0.14	-87.01	-0.13	-86.96	
2019-01	11.56	1.75	-0.15	-88.39	-0.14	-87.62	
2019-02	12.65	1.92	-0.07	-56.67	-0.06	-55.71	
2019-03	14.93	2.26	0.1	3.61	0.11	4.17	
2019-04	15.75	2.39	0.15	40.01	0.17	40.48	
2019-05	16.26	2.46	0.19	59.51	0.19	59.87	
2019-06	15.73	2.39	0.14	64.8	0.16	65.65	
2019-07	15.41	2.34	0.12	62.5	0.13	62.81	
2019-08	15.52	2.36	0.12	52.39	0.13	53.13	
2019-09	17.69	2.69	0.27	87.81	0.29	88.08	
2019-10	16.22	2.46	0.16	75.99	0.17	75.59	
2019-11	15.65	2.38	0.11	56.42	0.13	56.29	
2019-12	16.46	2.5	0.17	52.88	0.18	53.98	
2020-01	19.01	2.89	0.34	93.81	0.35	92.58	
2020-02	22.89	3.48	0.59	96.47	0.61	96.16	
2020-03	22.25	3.38	0.53	85.51	0.55	85.47	
2020-04	19.95	3.03	0.36	72.75	0.38	73.09	
2020-05	21.51	3.27	0.45	78.67	0.47	78.57	
2020-06	21.65	3.29	0.45	80.18	0.46	80	
2020-07	28.5	4.34	0.88	93.52	0.9	93.52	
2020-08	43.91	6.69	1.83	95.96	1.86	95.92	
2020-09	43.24	6.58	1.72	90.26	1.75	90.3	
2020-10	45.65	6.95	1.81	92.3	1.84	92.24	
2020-11	42.52	6.48	1.56	78.15	1.58	77.93	
2020-12	48.7	7.42	1.86	90.22	1.89	89.98	
2021-01	59.41	9.05	2.38	96.87	2.42	96.92	
2021-02	59.99	9.13	2.31	93.69	2.34	93.75	
2021-03	52.12	7.94	1.81	71.27	1.83	71.12	
2021-04	51.94	7.91	1.73	63.44	1.75	63.31	
2021-05	50.38	7.67	1.59	40.13	1.61	40.18	
2021-06	57.03	8.68	1.85	73.51	1.87	73.43	
2021-07	70.74	10.79	2.43	88.31	2.47	88.19	
2021-08	94.84	14.47	3.42	97.73	3.45	97.69	
2021-09	95.75	14.61	3.28	90.27	3.32	90.22	
2021-10	103.14	15.74	3.42	96.76	3.46	96.82	
2021-11	113.6	17.33	3.66	96.79	3.7	96.83	
2021-12	116.16	17.73	3.56	93.48	3.59	93.48	
2022-01	116.66	17.8	3.4	90.88	3.43	90.88	
2022-02	110.38	16.84	3.01	71.6	3.03	71.71	
2022-03	113.02	16.95	2.95	73.03	2.91	63.74	
2022-04	102.84	15.69	2.48	39.43	2.5	35.43	
2022-05	116.73	17.81	2.81	54.46	2.84	51.03	
2022-06	128.45	19.6	3.04	82.31	3.07	83.12	
2022-07	127.97	19.55	2.88	86.05	2.91	86.05	
2022-08	122.53	18.74	2.59	75.15	2.62	75.58	
2022-09	122.72	18.77	2.49	66.67	2.51	67.3	
2022-10	123.95	18.96	2.41	57.81	2.43	58.2	
2022-11	121.72	18.62	2.25	56.82	2.28	57.71	
2022-12	112.41	17.19	1.93	-0.93	1.95	0.16	
2023-01	113.43	17.35	1.88	-18.14	1.9	-17.46	
2023-02	107.58	16.45	1.67	-40.71	1.69	-39.02	
2023-03	97.94	14.98	1.39	-56.99	1.4	-56.6	
2023-04	90.22	13.8	1.16	-74.81	1.17	-74.39	
2023-05	91.03	13.92	1.14	-78.93	1.15	-79.11	
2023-06	87.29	13.48	1.02	-84.47	1.05	-83.71	
2023-07	93.02	14.42	1.12	-68.28	1.16	-65.82	
2023-08	88.64	13.74	0.99	-85.33	1.02	-80.71	
2023-09	86.26	13.37	0.91	-82.14	0.94	-76.88	
2023-10	67.53	10.47	0.48	-98.63	0.51	-97.69	
2023-11	67.44	10.46	0.47	-89.94	0.49	-89.94	
2023-12	59.52	9.23	0.28	-98.55	0.31	-98.55	
2024-01	50.09	7.77	0.07	-99.19	0.09	-99.15	
2024-02	47.28	7.33	0.01	-93.5	0.02	-93.43	
2024-03	56.83	8.81	0.2	-74.57	0.22	-74.53	
2024-04	50.58	7.84	0.06	-85.45	0.08	-85.49	
2024-05	46.23	7.17	-0.03	-94.6	-0.02	-94.46	
2024-06	44.99	6.99	-0.06	-91.54	-0.05	-91.45	
2024-07	38.43	6.12	-0.2	-92.39	-0.17	-92.04	
2024-08	38.2	6.08	-0.21	-93.47	-0.18	-93.43	
2024-09	35.31	5.62	-0.27	-96.9	-0.24	-96.85	
2024-10	46.95	7.48	-0.04	-52.68	0	-49.85	
2024-11	47.5	7.56	-0.03	-24.41	0.01	-20.37	
2024-12	44.13	7.03	-0.11	-29.26	-0.07	-23.66	
2025-01	39.53	6.29	-0.2	-57.62	-0.17	-53.87	
