month	ct_avg_Tdx收盘价	ct_avg_Tdx平均成交价	deviate_avg_100_ct_avg_Tdx收盘价	deviate_avg_100_ct_avg_Tdx平均成交价	ct_avg_noise_avg_Tdx收盘价	ct_avg_noise_avg_Tdx平均成交价
1999-07	4055.81	8.29	0.71	-0.16	34.33	-5.88	
1999-08	4074.31	8.31	0.69	-0.14	58.44	12.34	
1999-09	4084.55	7.97	0.68	-0.17	69.16	17.17	
1999-10	3754.86	6.41	0.52	-0.34	50.11	-16.57	
1999-11	3674.12	6.29	0.47	-0.35	33.52	-46.23	
1999-12	3451	7.2	0.36	-0.25	-2.64	-31.68	
2000-01	3682.83	8.69	0.44	-0.1	7.99	16.59	
2000-02	4310.46	9.69	0.66	0	52.92	52.03	
2000-03	4444.14	9.09	0.69	-0.05	70.96	58.85	
2000-04	4551.93	9.66	0.71	0.01	82.5	73.3	
2000-05	4520.57	9.69	0.67	0.02	82.19	81.75	
2000-06	4778.37	9.78	0.74	0.03	97.32	83.24	
2000-07	4791.77	8	0.72	-0.15	93.11	34.95	
2000-08	4961.74	8.26	0.76	-0.11	96.58	10.68	
2000-09	4623.25	9.01	0.63	-0.02	63.18	29.68	
2000-10	4558.79	9.89	0.6	0.09	40.02	60.14	
2000-11	4822.29	8.42	0.68	-0.05	57.39	15.83	
2000-12	4732.05	7.88	0.63	-0.09	51.53	-24.92	
2001-01	4749.38	9.06	0.63	0.07	51.15	-4.91	
2001-02	4469.04	8.14	0.52	-0.02	-5.06	-35.42	
2001-03	4795.3	7.85	0.61	-0.04	13.23	-59.21	
2001-04	4938.65	7.39	0.65	-0.09	58.59	-69.73	
2001-05	4852.24	8.43	0.61	0.06	65.18	-36.41	
2001-06	4746.89	8.5	0.56	0.09	37.25	-11.35	
2001-07	4552.17	7.35	0.49	-0.05	-15.54	-59.78	
2001-08	3995.05	6.24	0.3	-0.18	-70.19	-90.72	
2001-09	3701.82	5.34	0.2	-0.29	-87.86	-91.7	
2001-10	3374.44	5.18	0.09	-0.3	-90.28	-92.86	
2001-11	3376.34	5.77	0.09	-0.22	-88.68	-79.95	
2001-12	3415.6	6.36	0.1	-0.14	-83.42	-55.36	
2002-01	2936.04	4.99	-0.06	-0.32	-97.32	-82.54	
2002-02	3024.96	4.95	-0.03	-0.33	-87.86	-85.53	
2002-03	3254.89	6.15	0.04	-0.16	-71.09	-54.46	
2002-04	3184.46	6.85	0.01	-0.05	-75.33	-2.07	
2002-05	3124.36	7.28	-0.01	0.01	-80.75	22.97	
2002-06	3167.18	5.92	0	-0.18	-78.57	-4.69	
2002-07	3468.64	7.04	0.09	-0.02	-11.72	30.86	
2002-08	3421.32	7.6	0.07	0.05	9.82	57.02	
2002-09	3330.59	6.84	0.03	-0.05	0.45	49.24	
2002-10	3095.04	6.4	-0.05	-0.12	-39.38	12.7	
2002-11	2971.03	6.29	-0.09	-0.13	-57.91	7.4	
2002-12	2845.22	5.97	-0.13	-0.18	-74.68	-35.47	
2003-01	2901.86	5.8	-0.12	-0.2	-73.21	-56.25	
2003-02	3033.38	6.28	-0.08	-0.14	-57.74	-36.25	
2003-03	3014.42	6.89	-0.09	-0.06	-51.87	-4.8	
2003-04	3263.53	6.73	-0.02	-0.08	-6.01	18.59	
2003-05	3412.58	7.15	0.02	-0.03	21.79	45.18	
2003-06	3353.87	5.86	-0.01	-0.21	28.32	1.45	
2003-07	3325.38	6.48	-0.02	-0.13	34.04	-21.78	
2003-08	3261.29	6.73	-0.05	-0.1	29	26.19	
2003-09	3129.74	6.4	-0.09	-0.15	-7.95	7.26	
2003-10	3157.36	6.03	-0.09	-0.2	-15.92	-47.12	
2003-11	3225.41	5.58	-0.07	-0.26	9.11	-66.34	
2003-12	3399.9	5.5	-0.03	-0.27	59.01	-69.18	
2004-01	3706.12	6.22	0.05	-0.18	77.27	-57.62	
2004-02	3885.48	6.85	0.09	-0.1	92.05	-6.3	
2004-03	3985.13	6.99	0.11	-0.09	95.18	19.49	
2004-04	3923.36	7.25	0.08	-0.06	84.98	44.28	
2004-05	3510.39	6.25	-0.04	-0.19	44.76	16.52	
2004-06	3375.91	6.4	-0.08	-0.18	13.31	-6.17	
2004-07	3351.4	6.68	-0.09	-0.15	-12.34	28.04	
2004-08	3218.96	5.99	-0.13	-0.24	-42.41	12.91	
2004-09	3273.18	5.63	-0.12	-0.28	-43.91	-49.59	
2004-10	3344.23	6.41	-0.11	-0.19	-28.91	-18.36	
2004-11	3222.55	5.73	-0.14	-0.27	-55.92	-52.88	
2004-12	3159.73	5.12	-0.16	-0.35	-80.44	-75.62	
2005-01	3053.71	5.51	-0.19	-0.3	-86.34	-74.33	
2005-02	3287.5	5.43	-0.13	-0.3	-58.24	-73.69	
2005-03	3303.03	5.89	-0.12	-0.24	-34.32	-43.09	
2005-04	3261.79	5.52	-0.13	-0.28	-30.06	-56.97	
2005-05	2897.06	4.67	-0.23	-0.39	-79.62	-85.03	
2005-06	2815.78	4.94	-0.25	-0.35	-86.36	-81.33	
2005-07	2745.43	4.18	-0.26	-0.45	-93.03	-94.73	
2005-08	3010.48	4.3	-0.19	-0.42	-63.28	-88.55	
2005-09	2979.51	4.22	-0.19	-0.43	-56.01	-90.22	
2005-10	2774.91	4.4	-0.24	-0.39	-80.58	-72.49	
2005-11	2682.89	4.27	-0.26	-0.41	-85.71	-79.91	
2005-12	2768.47	4.3	-0.24	-0.4	-71.75	-75.49	
2006-01	3087.54	4.58	-0.15	-0.35	-24.66	-28.13	
2006-02	3334.94	4.69	-0.08	-0.33	20.48	-3.78	
2006-03	3351.11	4.52	-0.07	-0.35	43.32	-9.67	
2006-04	3759.54	5.02	0.05	-0.27	74.64	31.34	
2006-05	4229.74	5.54	0.18	-0.19	88.79	57.39	
2006-06	4138.76	5.58	0.15	-0.18	87.34	68.55	
2006-07	4224.01	5.7	0.18	-0.16	89.45	79.68	
2006-08	3951.59	5.29	0.1	-0.22	65.76	59.39	
2006-09	4198.68	5.49	0.17	-0.18	82.82	61.99	
2006-10	4443.88	5.72	0.24	-0.14	90.44	82.09	
2006-11	5023.84	6.3	0.39	-0.05	98.62	93.91	
2006-12	6143	6.61	0.69	0	99.66	94.56	
2007-01	7698.36	7.35	1.09	0.11	99.46	98.97	
2007-02	7899.36	7.84	1.12	0.19	93.57	98.15	
2007-03	8260.48	8.78	1.19	0.33	96.83	99.31	
2007-04	9981.79	11.29	1.6	0.71	99.74	99.66	
2007-05	12193.08	13.87	2.1	1.07	99.7	99.7	
2007-06	13224.12	13.59	2.27	1.01	96.6	92.01	
2007-07	13285.21	13.08	2.2	0.92	89.93	81.21	
2007-08	16708.53	15.85	2.9	1.29	98.83	95.46	
2007-09	18091.08	16.59	3.08	1.36	98.12	97.37	
2007-10	18965.51	18.15	3.13	1.54	95.73	95.93	
2007-11	16955.31	16.68	2.59	1.31	74.11	78.94	
2007-12	16726.7	16.69	2.45	1.28	60.89	72.23	
2008-01	17658.56	17.97	2.55	1.43	71.43	86.44	
2008-02	16378.59	17.3	2.21	1.3	38.69	74.58	
2008-03	14129.03	15.81	1.71	1.07	-0.08	35.2	
2008-04	12529.66	13.68	1.36	0.78	-27.47	-10.67	
2008-05	12826.26	13.94	1.38	0.8	-35.09	-25.36	
2008-06	10318.06	11.29	0.89	0.46	-58.3	-50.85	
2008-07	9726.89	10.38	0.77	0.34	-70.34	-68.63	
2008-08	8388.21	8.9	0.51	0.15	-89.03	-86.65	
2008-09	7165.23	7.43	0.29	-0.04	-91.82	-90.23	
2008-10	6352.26	6.42	0.14	-0.17	-93.48	-92.41	
2008-11	6309.83	5.88	0.13	-0.23	-88.3	-89.06	
2008-12	7070.21	6.71	0.26	-0.12	-72.9	-75.12	
2009-01	6820.77	7.48	0.21	-0.02	-72.5	-56.49	
2009-02	8065.94	8.14	0.42	0.07	-39.55	-40.27	
2009-03	8388.05	8.7	0.47	0.14	-16.8	-15.91	
2009-04	9374.88	9.53	0.63	0.25	14.2	10.25	
2009-05	10154.32	9.88	0.75	0.29	33.63	26.24	
2009-06	10958.42	10.42	0.86	0.36	48.95	43.47	
2009-07	12968.12	11.66	1.17	0.51	67	58.35	
2009-08	12376.43	11.89	1.05	0.53	68.79	66.03	
2009-09	11680.88	11.8	0.91	0.51	61.12	68.47	
2009-10	12311.43	12.34	0.99	0.58	69.31	79.02	
2009-11	13300.75	12.78	1.12	0.62	87.75	89.88	
2009-12	13554.08	13.86	1.13	0.74	85.95	93.52	
2010-01	12958.27	14.17	1.01	0.76	72.86	92.05	
2010-02	12158.65	13.51	0.86	0.66	37.5	77.5	
2010-03	12342.11	14.47	0.86	0.76	27.25	90.14	
2010-04	12056.08	15.44	0.79	0.86	12.84	93.58	
2010-05	10312.75	13.9	0.52	0.65	-34.28	64.78	
2010-06	10091.31	13.76	0.47	0.62	-52.63	48.64	
2010-07	10008.69	12.52	0.44	0.46	-60.31	4.18	
2010-08	11027.59	13.93	0.57	0.61	-39.12	20.82	
2010-09	11430.88	14.76	0.61	0.7	-16.07	53.38	
2010-10	12950.82	15.27	0.8	0.74	22.32	69.14	
2010-11	12905.69	16.96	0.77	0.91	39.37	85.55	
2010-12	12537.61	17.62	0.7	0.96	46.89	91.11	
2011-01	12068.91	16.71	0.62	0.84	33.3	75.45	
2011-02	12530.09	16.96	0.66	0.84	44.53	76.07	
2011-03	12837.67	16.2	0.68	0.74	62.81	55.36	
2011-04	12741.76	14.44	0.64	0.54	72.46	8.08	
2011-05	11972.61	13.38	0.53	0.41	20.58	-25.13	
2011-06	11686.86	13.03	0.47	0.37	-23.21	-44.47	
2011-07	12309.72	14.62	0.53	0.52	3.57	-26.57	
2011-08	11542.29	14.7	0.42	0.52	-44.8	-19.25	
2011-09	10749.06	13.29	0.31	0.36	-75.77	-53.53	
2011-10	10235.3	12.57	0.24	0.28	-87.72	-78.29	
2011-11	10287.99	13.48	0.24	0.36	-88.88	-65.06	
2011-12	9184.68	12	0.1	0.21	-99.59	-86.49	
2012-01	9078.7	10.95	0.08	0.1	-90.36	-94.88	
2012-02	9651.75	11.17	0.13	0.11	-74.02	-88.62	
2012-03	10045.65	12.32	0.17	0.22	-53.73	-61.65	
2012-04	9974.94	10.89	0.15	0.07	-48.63	-82.93	
2012-05	10195.7	11.56	0.17	0.13	-26.95	-75.28	
2012-06	9749.84	11.54	0.11	0.13	-42.14	-66.7	
2012-07	9423.39	11.69	0.07	0.13	-65.83	-38.64	
2012-08	8857.78	10.66	0	0.03	-82.61	-85.87	
2012-09	8461.78	10.21	-0.05	-0.02	-89.02	-94.6	
2012-10	8628.02	9.39	-0.04	-0.1	-81.05	-96.13	
2012-11	8230.21	9.01	-0.09	-0.14	-90.18	-92.94	
2012-12	8477.68	9.2	-0.07	-0.12	-76.87	-86.61	
2013-01	9383.83	10.41	0.03	-0.01	-29.29	-47.63	
2013-02	9641.49	11.06	0.05	0.05	1.43	-14.88	
2013-03	9217.97	10.84	0	0.02	0.26	-0.13	
2013-04	8901.88	10.97	-0.04	0.03	-20.14	16.32	
2013-05	9146.05	11.33	-0.02	0.06	-5.52	33.36	
2013-06	8333.22	10.83	-0.12	0.01	-24.9	22.37	
2013-07	7851.36	11.01	-0.17	0.02	-71.82	20.46	
2013-08	8201.25	10.9	-0.14	0	-63.07	25.69	
2013-09	8515.8	10.81	-0.11	-0.01	-44.17	4.04	
2013-10	8575.23	11.22	-0.11	0.02	-28.97	45.93	
2013-11	8366.17	11.18	-0.14	0.01	-46.17	31.72	
2013-12	8267.71	11.65	-0.15	0.04	-53.33	85.75	
2014-01	7735.17	12.49	-0.21	0.11	-84.69	95.83	
2014-02	7684.6	12.76	-0.22	0.13	-85.04	91.74	
2014-03	7244.14	11.56	-0.27	0.01	-94.64	63.39	
2014-04	7413.07	11.12	-0.25	-0.03	-82.31	20.66	
2014-05	7257.63	11.29	-0.27	-0.02	-90.54	6.16	
2014-06	7285.77	11.64	-0.27	0	-85.85	33.39	
2014-07	7408.94	10.93	-0.26	-0.06	-73.56	-14.6	
2014-08	7944.76	11.11	-0.21	-0.05	-10.12	-28.91	
2014-09	8069.45	11.67	-0.2	-0.01	15.82	15.52	
2014-10	8102.93	11.93	-0.2	0.01	29.07	43.75	
2014-11	8399.93	12.19	-0.18	0.02	50.09	51.52	
2014-12	10386.91	12.96	0.01	0.08	75.47	69.6	
2015-01	11376.35	14.33	0.1	0.19	89.38	83.66	
2015-02	11301.58	15.29	0.08	0.26	88.21	93.75	
2015-03	12178.43	16.26	0.16	0.33	98.13	96.1	
2015-04	14157.17	18.39	0.34	0.49	99.57	96.85	
2015-05	15300.82	20.9	0.44	0.67	98.12	98.7	
2015-06	16695.56	21.88	0.56	0.73	93.79	92.69	
2015-07	12578.7	16.71	0.17	0.31	56.91	56.06	
2015-08	12168.27	16.14	0.13	0.26	35.8	37.59	
2015-09	10066.61	13.45	-0.07	0.05	-7.14	-7.32	
2015-10	11253.54	15.45	0.05	0.21	-8.19	-4.41	
2015-11	12334.73	17.93	0.15	0.4	5.02	27.38	
2015-12	12580.23	18.87	0.18	0.47	9.47	55.32	
2016-01	10300.38	15.2	-0.03	0.18	-32.32	6.7	
2016-02	9886.42	14.95	-0.06	0.17	-55.24	-28.69	
2016-03	9904.53	15.07	-0.05	0.18	-68.09	-44.18	
2016-04	10414.22	16.57	0	0.29	-60.71	-5.05	
2016-05	9929.39	16.07	-0.04	0.26	-77.47	-16.67	
2016-06	10246.59	16.76	0	0.31	-61.65	16.7	
2016-07	10663.2	16.2	0.04	0.27	-31.72	13.18	
2016-08	10611.48	15.17	0.04	0.18	-22.9	-42.43	
2016-09	10606.19	15.02	0.04	0.17	-9.02	-61.21	
2016-10	10770.96	14.97	0.06	0.16	11.72	-72.66	
2016-11	10883.54	15.56	0.07	0.21	33.2	-56.33	
2016-12	10446.27	14.8	0.02	0.14	4.26	-72.48	
2017-01	10070.47	14.13	-0.02	0.08	-42.06	-87.5	
2017-02	10255.76	14.09	0	0.07	-48.11	-88.84	
2017-03	10510.76	16.14	0.02	0.22	-10.33	-28.65	
2017-04	10432.39	14	0.01	0.05	-3.77	-53.97	
2017-05	9929.06	13.9	-0.05	0.04	-62.41	-75.67	
2017-06	10215.71	13.46	-0.02	0	-58.85	-88.68	
2017-07	10409.38	12.83	0	-0.05	-27.13	-90.6	
2017-08	10581.82	13	0.01	-0.04	2.25	-84.43	
2017-09	11035.75	14.25	0.05	0.05	40.14	-39.63	
2017-10	11325.83	14.26	0.08	0.05	64.28	-21.38	
2017-11	11360.55	14.67	0.09	0.08	76.38	9.05	
2017-12	11008.22	13.96	0.05	0.02	66.5	-11.14	
2018-01	11387.62	13.59	0.09	0	85.8	-40.46	
2018-02	10570.93	12.43	0.01	-0.09	37.38	-69.88	
2018-03	10943.8	13.44	0.05	-0.01	33.12	-59.33	
2018-04	10583.31	13.95	0.02	0.02	-10.42	-21.13	
2018-05	10565.21	13.61	0.02	0	-29.3	-23.94	
2018-06	9812.51	12.34	-0.05	-0.09	-59.38	-64.15	
2018-07	9211.44	11.15	-0.1	-0.18	-70.05	-81.17	
2018-08	8616.57	9.98	-0.16	-0.26	-88.74	-93.87	
2018-09	8279.36	9.11	-0.19	-0.32	-96.05	-97.7	
2018-10	7553.75	8.43	-0.26	-0.37	-97.82	-97.02	
2018-11	7802.16	8.17	-0.23	-0.39	-87.91	-94.72	
2018-12	7575.55	8.47	-0.25	-0.37	-93.66	-80.45	
2019-01	7460.96	8.15	-0.26	-0.39	-88.63	-86.81	
2019-02	8457.02	8.39	-0.16	-0.36	-53.33	-78.57	
2019-03	9643.17	9.56	-0.04	-0.27	-3.23	-31.46	
2019-04	10179.1	10.23	0.02	-0.22	30.78	-0.13	
2019-05	9018.28	9.69	-0.1	-0.25	15.71	-1.16	
2019-06	8954.36	9.81	-0.1	-0.24	11.37	10.86	
2019-07	9297.45	10.2	-0.06	-0.21	29.04	35.48	
2019-08	9149.15	10.62	-0.07	-0.17	24.27	54.02	
2019-09	9755.1	11.11	-0.01	-0.13	59.91	68.17	
2019-10	9633.87	10.94	-0.02	-0.14	65.28	66.12	
2019-11	9747.03	11.27	-0.01	-0.12	75.85	77.42	
2019-12	10054.92	10.8	0.03	-0.15	84.09	56.21	
2020-01	10878.36	11.4	0.11	-0.1	93.86	62	
2020-02	11008.47	11.85	0.12	-0.06	92.32	88.8	
2020-03	10626.35	11.17	0.08	-0.12	77.68	68.26	
2020-04	10421.69	10.86	0.06	-0.14	64.37	32.14	
2020-05	10866.55	11.8	0.11	-0.07	80.66	70.19	
2020-06	11410.18	12.1	0.16	-0.04	92.32	81.25	
2020-07	13294.37	13.05	0.35	0.03	96.04	93.4	
2020-08	13629.01	12.98	0.37	0.02	93.54	88.39	
2020-09	13145.95	12.35	0.32	-0.03	79.79	66.92	
2020-10	13454.22	14.29	0.35	0.12	83.93	92.47	
2020-11	13768.61	13.91	0.37	0.09	90.9	87.25	
2020-12	13932.24	13.29	0.38	0.04	92.93	70.38	
2021-01	15236.93	15.28	0.5	0.19	98.21	93.26	
2021-02	15263.09	15	0.49	0.17	93.69	89.94	
2021-03	13912.3	12.31	0.36	-0.05	59.71	33.58	
2021-04	14040.62	12.54	0.36	-0.03	44.05	4.12	
2021-05	14414.32	13.11	0.39	0.01	57.99	12.5	
2021-06	14801.17	13.94	0.42	0.07	79.08	43.32	
2021-07	14846.32	15.12	0.42	0.16	80.68	64.53	
2021-08	14667.57	15.52	0.39	0.19	65.75	75.81	
2021-09	14436.67	13.95	0.36	0.06	35.27	50.85	
2021-10	14406.66	14.84	0.35	0.13	13.62	58.59	
2021-11	14659.04	15.08	0.37	0.14	36.36	71.19	
2021-12	14868.1	13.8	0.38	0.04	67.62	32.26	
2022-01	14152.29	13.02	0.31	-0.02	13.91	-25.42	
2022-02	13383.55	12.85	0.23	-0.03	-49.89	-41.29	
2022-03	12491.19	12.48	0.14	-0.06	-71.9	-51.67	
2022-04	11383.28	11.02	0.04	-0.17	-85.72	-69.74	
2022-05	11159.49	11.25	0.01	-0.15	-84.87	-70.49	
2022-06	12254.02	12.43	0.11	-0.06	-69.22	-56.34	
2022-07	12585.16	12.63	0.13	-0.05	-58.5	-46.9	
2022-08	12262.09	12.62	0.1	-0.05	-59.01	-39.36	
2022-09	11400.45	11.59	0.02	-0.13	-79.85	-69.43	
2022-10	10802.57	11.97	-0.04	-0.1	-87.28	-63	
2022-11	11054.25	12.03	-0.02	-0.09	-81.17	-46.35	
2022-12	11183.38	11.58	-0.01	-0.13	-75.24	-75.93	
2023-01	11610.41	12.2	0.03	-0.08	-52.68	-51.95	
2023-02	11946.91	12.32	0.05	-0.07	-16.16	-17.14	
2023-03	11570.44	13.16	0.02	-0.01	-26.98	36.3	
2023-04	11663.51	14.43	0.02	0.08	-3.67	73.07	
2023-05	11049.21	13.32	-0.03	0	-59.46	66.07	
2023-06	10971.98	14.02	-0.04	0.05	-69.55	77.37	
2023-07	10983.96	12.57	-0.04	-0.05	-76.11	43.66	
2023-08	10683.98	11.69	-0.06	-0.12	-78.07	-12.34	
2023-09	10252.12	11.87	-0.09	-0.09	-87.14	-36.65	
2023-10	9820.76	11.84	-0.13	-0.09	-91.49	-40.91	
2023-11	9925.04	11.83	-0.11	-0.09	-89.45	-48.74	
2023-12	9417.75	11.68	-0.16	-0.1	-98.72	-52.38	
2024-01	8856.96	10.62	-0.21	-0.18	-98.7	-79.91	
2024-02	8752.17	9.4	-0.21	-0.27	-90.94	-88.14	
2024-03	9502.86	11.4	-0.15	-0.11	-65.48	-61.9	
2024-04	9383.74	10.62	-0.15	-0.16	-63.04	-76.61	
2024-05	9605.1	10.52	-0.13	-0.17	-37.14	-81.12	
2024-06	9170.13	10.46	-0.17	-0.17	-61.28	-79.98	
2024-07	8722.01	10.17	-0.21	-0.19	-81.75	-81.91	
2024-08	8329.68	8.9	-0.25	-0.29	-93.51	-94.48	
2024-09	8394.75	8.9	-0.24	-0.28	-90.32	-91.3	
2024-10	10456.27	12.5	-0.05	0.01	-15.97	-23.56	
2024-11	10813.24	12.11	-0.02	-0.02	25.43	11.31	
2024-12	10672.08	11.41	-0.03	-0.07	58.04	19.2	
2025-01	10071.28	11.63	-0.09	-0.05	54.96	42.61	
