month	ct_avg_Tdx收盘价	ct_avg_前复权价格	deviate_avg_100_ct_avg_Tdx收盘价	ct_avg_noise_avg_Tdx收盘价	deviate_avg_100_ct_avg_前复权价格	ct_avg_noise_avg_前复权价格
2008-12	14.17	0.94	0.25	-71.05	0.84	-37.58	
2009-01	15.06	1.04	0.33	-65.95	1.04	5.72	
2009-02	15.97	1.1	0.42	-53.84	1.12	27.05	
2009-03	15.36	1.06	0.37	-66.15	1.04	39.45	
2009-04	15.82	1.09	0.42	-47.32	1.1	57.86	
2009-05	15.51	1.08	0.4	-52.93	1.08	60.62	
2009-06	15.47	1.08	0.41	-60.92	1.04	59.86	
2009-07	16.18	1.13	0.47	-19.29	1.13	82.45	
2009-08	17.16	1.2	0.57	22.41	1.22	90.26	
2009-09	18.36	1.28	0.68	48.78	1.37	95.29	
2009-10	19.15	1.34	0.76	65.89	1.44	96.09	
2009-11	20.72	1.45	0.9	82.77	1.64	97.87	
2009-12	20.8	1.46	0.9	80.01	1.61	88.51	
2010-01	20.82	1.46	0.9	79.64	1.56	84.91	
2010-02	23.05	1.61	1.1	93.09	1.78	97.62	
2010-03	24.34	1.7	1.2	94.28	1.83	94.99	
2010-04	26.85	1.88	1.41	95.83	2.08	95.83	
2010-05	27.57	1.95	1.46	92.41	2.1	92.77	
2010-06	26.41	1.86	1.33	84.52	1.91	84.16	
2010-07	23.64	1.67	1.06	48.66	1.57	49.43	
2010-08	24.54	1.73	1.12	47.4	1.58	48.62	
2010-09	26.06	1.84	1.22	56.67	1.71	57.28	
2010-10	24.37	1.72	1.05	38.23	1.49	39.79	
2010-11	26.79	1.89	1.23	55.14	1.66	57.26	
2010-12	25.08	1.77	1.06	40.65	1.46	42.47	
2011-01	22.83	1.61	0.85	-6.87	1.21	-7.28	
2011-02	23.11	1.63	0.86	-31.31	1.17	-32.38	
2011-03	22.7	1.6	0.81	-48.06	1.11	-46.43	
2011-04	21.2	1.5	0.67	-73.92	0.95	-72.88	
2011-05	20.06	1.42	0.57	-85.58	0.82	-85.03	
2011-06	18.32	1.31	0.43	-90.85	0.66	-90.14	
2011-07	19.08	1.37	0.48	-78.53	0.71	-77.42	
2011-08	20	1.44	0.54	-67.74	0.78	-65.3	
2011-09	19.97	1.43	0.52	-57.31	0.74	-53.02	
2011-10	18.73	1.35	0.42	-79.7	0.63	-76.84	
2011-11	20.14	1.45	0.51	-46.56	0.73	-39.77	
2011-12	19.23	1.38	0.43	-42.41	0.62	-35.67	
2012-01	15.94	1.15	0.18	-86.73	0.34	-84.58	
2012-02	16.5	1.18	0.22	-85.15	0.36	-83.84	
2012-03	17.37	1.25	0.27	-76.26	0.42	-74.63	
2012-04	17.74	1.27	0.29	-66.6	0.43	-65.23	
2012-05	19.62	1.41	0.41	-19.09	0.57	-14.94	
2012-06	21.1	1.52	0.5	16.92	0.67	21.03	
2012-07	21.49	1.54	0.51	36.08	0.67	39.73	
2012-08	22.51	1.63	0.57	57.42	0.73	62.07	
2012-09	22.94	1.66	0.58	68.39	0.75	71.7	
2012-10	23.08	1.68	0.57	79.71	0.75	78.47	
2012-11	21.43	1.56	0.44	53.08	0.59	52.84	
2012-12	21.7	1.57	0.44	37.2	0.59	40.39	
2013-01	26.93	1.95	0.77	85.85	0.95	86.34	
2013-02	28.89	2.1	0.87	97.56	1.06	97.2	
2013-03	30.65	2.22	0.96	97.36	1.13	97.11	
2013-04	29.33	2.13	0.84	83.48	1.01	83.83	
2013-05	29.06	2.11	0.8	75.65	0.95	75.93	
2013-08	26	2.04	0.59	49.46	0.79	51.95	
2013-09	25.66	1.88	0.55	31.62	0.62	0.75	
2013-10	25.08	1.84	0.5	7.49	0.57	-22.47	
2013-11	23.9	1.75	0.41	-18.37	0.47	-37.92	
2013-12	24.41	1.79	0.42	-23.58	0.49	-38.35	
2014-01	24.95	1.83	0.44	-17.77	0.5	-31.8	
2014-02	25.23	1.85	0.44	-9.82	0.49	-26.17	
2014-03	23.37	1.71	0.31	-44.64	0.37	-63.73	
2014-04	21.83	1.62	0.22	-72.32	0.28	-86.44	
2014-05	19.46	1.44	0.07	-80.78	0.12	-93.13	
2014-06	18.71	1.37	0.02	-90	0.06	-95.71	
2014-07	19.19	1.42	0.04	-82.38	0.09	-83.62	
2014-08	20.34	1.51	0.09	-67.39	0.14	-63.18	
2014-09	20.88	1.55	0.11	-51.23	0.17	-45.07	
2014-10	22.3	1.66	0.18	-20.93	0.24	-11.81	
2014-11	21.14	1.57	0.1	-31.43	0.15	-18.66	
2014-12	22.42	1.67	0.16	6.99	0.22	15.26	
2015-01	23.99	1.78	0.23	40.18	0.28	42.59	
2015-02	24.02	1.79	0.22	50.3	0.28	48.57	
2015-03	25.22	1.87	0.26	63.88	0.32	65.46	
2015-04	29.2	2.17	0.45	83.67	0.52	86.27	
2015-05	32.71	2.43	0.6	90.89	0.68	92.68	
2015-06	36.53	2.72	0.76	91.84	0.85	93.32	
2015-07	28.03	2.11	0.33	61.14	0.42	63.86	
2015-08	29.5	2.23	0.39	62.37	0.49	65.52	
2015-09	24.47	1.85	0.14	4.78	0.23	9.78	
2015-10	25.62	1.93	0.19	-5.2	0.27	-0.79	
2015-11	27.13	2.05	0.25	1.49	0.34	6.72	
2015-12	26.64	2.01	0.22	-13.39	0.31	-9.59	
2016-01	22.74	1.72	0.04	-47.68	0.11	-45.45	
2016-02	21.39	1.61	-0.03	-60.48	0.04	-59.52	
2016-03	21.85	1.65	-0.01	-69.41	0.06	-67.59	
2016-04	22.68	1.71	0.03	-68.48	0.1	-66.79	
2016-05	22.43	1.69	0.01	-68.33	0.08	-68.32	
2016-06	23.48	1.77	0.06	-43.93	0.12	-42.14	
2016-07	25.74	1.95	0.16	-1.23	0.23	1.19	
2016-08	25.87	1.96	0.16	23.18	0.23	25.66	
2016-09	26.15	1.98	0.17	45.05	0.23	46.12	
2016-10	26.48	2.01	0.19	57.25	0.24	57.26	
2016-11	26.75	2.03	0.19	64.73	0.25	64.49	
2016-12	25.34	1.92	0.13	39.69	0.17	40.26	
2017-01	24.63	1.87	0.09	-2.08	0.13	2.13	
2017-02	25.75	1.95	0.14	13.14	0.17	19.64	
2017-03	26.37	2	0.16	34.01	0.2	37.54	
2017-04	27.23	2.07	0.2	60.02	0.23	61.36	
2017-05	29.13	2.21	0.27	80.31	0.3	81.03	
2017-06	30.71	2.33	0.33	96.87	0.36	95.74	
2017-07	29.21	2.22	0.26	78.83	0.29	79.21	
2017-08	28.64	2.18	0.23	63.24	0.26	66.46	
2017-09	27.96	2.13	0.19	41.71	0.22	43.88	
2017-10	29.18	2.23	0.24	56.88	0.27	58.88	
2017-11	27.29	2.08	0.15	16.56	0.18	19.6	
2017-12	25.78	1.97	0.08	-28.74	0.11	-25.6	
2018-01	26.75	2.04	0.12	-26.02	0.15	-24.23	
2018-02	25.27	1.93	0.05	-52.02	0.08	-49.46	
2018-03	26.34	2.01	0.09	-51.38	0.12	-48.13	
2018-04	26.18	2	0.08	-49.95	0.12	-48.71	
2018-05	28.25	2.16	0.16	-6.13	0.2	-5.32	
2018-06	28.75	2.21	0.18	30.27	0.22	33.35	
2018-07	27.14	2.11	0.11	16.28	0.17	29.02	
2018-08	25.5	1.98	0.04	-41.62	0.09	-31.09	
2018-09	25.45	1.97	0.04	-57.05	0.09	-49.72	
2018-10	22.63	1.76	-0.07	-82.39	-0.03	-75.84	
2018-11	24.33	1.89	0	-77.03	0.04	-70.74	
2018-12	24.06	1.87	-0.01	-79.06	0.03	-72.54	
2019-01	22.98	1.78	-0.06	-90.5	-0.02	-86.08	
2019-02	24	1.86	-0.01	-76.43	0.02	-73.45	
2019-03	27.34	2.12	0.12	-12.25	0.16	-10.12	
2019-04	28.41	2.2	0.17	26.66	0.21	28.15	
2019-05	28.05	2.18	0.15	39.29	0.19	41.56	
2019-06	27.45	2.13	0.12	36.84	0.16	39.9	
2019-07	29.73	2.31	0.21	69.14	0.26	68.63	
2019-08	29.1	2.28	0.19	73.46	0.23	76.3	
2019-09	30.35	2.39	0.23	88.08	0.28	89.55	
2019-10	31.5	2.48	0.27	93.7	0.33	94.59	
2019-11	29.49	2.32	0.19	68.83	0.23	70.58	
2019-12	29.87	2.35	0.2	62.7	0.24	65.38	
2020-01	32.26	2.54	0.29	89.12	0.34	89.29	
2020-02	34.57	2.72	0.37	92.72	0.42	92.19	
2020-03	30.35	2.39	0.2	59.33	0.24	59.82	
2020-04	29.21	2.3	0.15	20.15	0.19	20.96	
2020-05	28.17	2.22	0.1	-10.02	0.14	-9.28	
2020-06	28.28	2.23	0.11	-18.08	0.14	-15.94	
2020-07	30.3	2.4	0.18	2.91	0.22	8.89	
2020-08	29.59	2.36	0.14	-1.66	0.19	14.54	
2020-09	26.89	2.15	0.04	-55.84	0.09	-47.81	
2020-10	26.42	2.11	0.01	-76.95	0.06	-67.13	
2020-11	27.36	2.18	0.05	-67.64	0.09	-61.22	
2020-12	25.84	2.06	-0.01	-86.34	0.03	-83.5	
2021-01	25.96	2.07	-0.01	-85.13	0.04	-83.53	
2021-02	26.07	2.08	-0.01	-82.68	0.03	-81.49	
2021-03	25.4	2.03	-0.03	-86.18	0.01	-84.24	
2021-04	24.2	1.93	-0.08	-96.09	-0.04	-95.62	
2021-05	25.62	2.04	-0.03	-69.05	0.01	-68.15	
2021-06	25.98	2.07	-0.01	-45.75	0.02	-44.52	
2021-07	25.43	2.06	-0.03	-41.97	0.02	-31.17	
2021-08	25.13	2.04	-0.05	-71.63	0.01	-60.67	
2021-09	28.22	2.3	0.07	15	0.14	31.25	
2021-10	27.33	2.22	0.04	32.14	0.1	41.24	
2021-11	24.23	1.97	-0.08	-23.01	-0.02	-14.29	
2021-12	27.65	2.25	0.05	-2.52	0.11	12.42	
2022-01	36.98	3.01	0.4	81.01	0.48	83.41	
2022-02	35.99	2.93	0.36	83.76	0.44	84.88	
2022-03	38.12	3.03	0.43	92.08	0.48	90.84	
2022-04	37.94	3.09	0.42	86.84	0.5	86.18	
2022-05	40.39	3.29	0.5	94.27	0.58	94.36	
2022-06	42.45	3.45	0.57	96.39	0.64	95.83	
2022-07	40.93	3.33	0.5	81.38	0.58	81.42	
2022-08	38.71	3.19	0.41	58.42	0.5	60.99	
2022-09	37	3.08	0.34	34.99	0.44	41.96	
2022-10	46.67	3.88	0.67	63.56	0.79	71.71	
2022-11	54.5	4.53	0.93	93.63	1.06	95.54	
2022-12	49.17	4.09	0.72	80.52	0.83	81.01	
2023-01	48.02	3.99	0.67	76.9	0.77	76.79	
2023-02	49.24	4.1	0.7	79.42	0.81	79.2	
2023-03	54.22	4.51	0.85	90.72	0.96	90.76	
2023-04	57.62	4.79	0.94	92.15	1.05	92.06	
2023-05	64.32	5.35	1.13	96.65	1.26	96.7	
2023-06	61.72	5.18	1.02	84.64	1.16	86.52	
2023-07	54.46	4.61	0.77	53.74	0.9	57.82	
2023-08	49.8	4.21	0.61	17.27	0.72	20.03	
2023-09	47.86	4.05	0.54	-7.54	0.64	-5.05	
2023-10	44.94	3.8	0.44	-28.1	0.53	-25.89	
2023-11	45.63	3.86	0.45	-38.15	0.54	-34.66	
2023-12	48.96	4.14	0.55	-17.22	0.64	-15.82	
2024-01	51.61	4.36	0.62	2.15	0.72	3.98	
2024-02	55.43	4.69	0.72	29.97	0.82	32.08	
2024-03	53.75	4.55	0.66	34.44	0.76	36.82	
2024-04	56.34	4.76	0.72	43.66	0.82	45.63	
2024-05	61.71	5.22	0.86	68.62	0.96	69.24	
2024-06	52.47	5.16	0.57	46.47	0.92	69.22	
2024-07	42.28	4.77	0.26	-17.74	0.75	50.54	
2024-08	42.84	4.83	0.27	-41.36	0.76	50.24	
2024-09	41.54	4.68	0.22	-53.2	0.68	41.26	
2024-10	47.3	5.33	0.38	-40.87	0.89	71.33	
2024-11	47.17	5.32	0.37	-34.69	0.87	83.5	
2024-12	45.32	5.22	0.31	-50.2	0.81	78.9	
2025-01	43.62	5.03	0.25	-69.89	0.72	53.77	
