month	ct_avg_Tdx收盘价	ct_avg_Tdx平均成交价	deviate_avg_100_ct_avg_Tdx收盘价	deviate_avg_100_ct_avg_Tdx平均成交价	ct_avg_noise_avg_Tdx收盘价	ct_avg_noise_avg_Tdx平均成交价
1999-03	1149.59	6.96	0.44	-0.3	-70.96	-77.41	
1999-04	1160.6	6.82	0.44	-0.31	-68.39	-75.37	
1999-05	1147	6.28	0.4	-0.37	-76.7	-83.66	
1999-06	1466.33	8.1	0.76	-0.18	12.91	-29.18	
1999-07	1568.42	8.18	0.85	-0.18	63.8	0.97	
1999-08	1617.13	8.75	0.88	-0.12	89.2	28.04	
1999-09	1617.21	9.15	0.85	-0.08	87.99	47.61	
1999-10	1504.74	7.08	0.69	-0.29	63.5	15.63	
1999-11	1459.43	6.33	0.62	-0.36	42.25	-35.47	
1999-12	1405.53	7.07	0.54	-0.29	20.32	-40.22	
2000-01	1463.27	8.4	0.58	-0.16	20.77	-7.24	
2000-02	1656.5	9.72	0.76	-0.03	55.84	38.15	
2000-03	1722.82	9.72	0.8	-0.03	72.75	59.51	
2000-04	1817.69	10.01	0.87	0	85.09	78.35	
2000-05	1804.16	10.26	0.83	0.03	84.47	88.25	
2000-06	1924.53	10.1	0.92	0.02	97.16	82.47	
2000-07	1971.71	8.9	0.93	-0.09	97.19	46.73	
2000-08	2066.15	9.47	0.99	-0.02	98.68	41.34	
2000-09	1940.8	9.94	0.85	0.04	72.7	60.8	
2000-10	1940.83	10.65	0.84	0.13	60.92	76.16	
2000-11	2054.72	10.54	0.93	0.13	83.44	66.48	
2000-12	2065.83	9.02	0.92	-0.03	85.03	29.89	
2001-01	2088.88	9.91	0.92	0.07	88.77	41.58	
2001-02	1955.35	9.49	0.77	0.03	44	-0.55	
2001-03	2036.78	8.12	0.82	-0.12	52.88	-44.64	
2001-04	2135	7.97	0.88	-0.13	85.46	-64.92	
2001-05	2185.52	9.16	0.91	0	92.31	-40.92	
2001-06	2213.97	9.8	0.92	0.09	92.6	-5.57	
2001-07	2138.42	8.92	0.84	0	73.62	-16.24	
2001-08	1909.03	7.88	0.63	-0.1	9.94	-64.71	
2001-09	1818.36	6.53	0.54	-0.25	-31.12	-84.6	
2001-10	1666.54	6.65	0.41	-0.23	-60.62	-86.66	
2001-11	1675	6.89	0.41	-0.19	-78.17	-80.72	
2001-12	1685.34	7.86	0.4	-0.08	-76.7	-53.57	
2002-01	1472.17	6.58	0.22	-0.22	-92.32	-76.74	
2002-02	1514.77	6.95	0.25	-0.17	-87.32	-72.95	
2002-03	1628.06	7.78	0.33	-0.06	-69.9	-36.56	
2002-04	1636.69	8.12	0.33	-0.02	-58.77	2.27	
2002-05	1577.23	8.62	0.28	0.04	-65.28	25.69	
2002-06	1562.78	7.19	0.26	-0.13	-77.95	-10.94	
2002-07	1695.7	8.49	0.35	0.03	-19.84	26.13	
2002-08	1660.59	8.42	0.32	0.02	0.85	44.56	
2002-09	1619.58	7.91	0.27	-0.04	-18.44	32.9	
2002-10	1527.16	6.51	0.19	-0.21	-55.8	-22.03	
2002-11	1464.79	6.79	0.13	-0.18	-71.94	-40.82	
2002-12	1401.17	6.99	0.08	-0.15	-86.69	-51.02	
2003-01	1428.17	6.23	0.09	-0.24	-79.73	-73.39	
2003-02	1501.54	7.06	0.14	-0.14	-59.76	-59.76	
2003-03	1482.82	7.48	0.12	-0.09	-57.74	-32.1	
2003-04	1549.82	7.07	0.16	-0.14	-23.13	-35.15	
2003-05	1547.7	7.34	0.15	-0.1	-5.83	-21.49	
2003-06	1539.76	6.64	0.14	-0.19	6.72	-31.97	
2003-07	1502.75	7.25	0.11	-0.12	-24.65	-25.31	
2003-08	1455.38	7.33	0.06	-0.11	-53.23	6	
2003-09	1406.18	7.32	0.02	-0.1	-70.45	25.73	
2003-10	1374.19	6.5	-0.01	-0.21	-81.05	-40.38	
2003-11	1360.76	6.1	-0.02	-0.26	-80.27	-69.42	
2003-12	1471.37	6.35	0.05	-0.23	-35.79	-63.51	
2004-01	1589.92	7.07	0.13	-0.14	15.11	-43.96	
2004-02	1681.17	7.61	0.19	-0.08	39.24	1.43	
2004-03	1708.44	7.63	0.2	-0.08	60.79	26.51	
2004-04	1689.57	7.99	0.18	-0.04	66.8	54.42	
2004-05	1556.75	7.15	0.08	-0.14	41.96	26.84	
2004-06	1465.88	7.13	0.01	-0.14	2.27	12.05	
2004-07	1422.1	6.45	-0.03	-0.23	-31.09	-43.26	
2004-08	1360.14	6.02	-0.08	-0.28	-50.97	-58.2	
2004-09	1368.94	5.64	-0.07	-0.32	-53.49	-66.48	
2004-10	1347.2	6.3	-0.09	-0.24	-56.25	-52.57	
2004-11	1343.63	5.75	-0.1	-0.31	-62.91	-72.28	
2004-12	1303.35	5.37	-0.13	-0.35	-86.41	-88.24	
2005-01	1236.5	5.21	-0.17	-0.37	-94.91	-90.27	
2005-02	1276.8	5.05	-0.15	-0.38	-85.16	-90.73	
2005-03	1250.84	4.93	-0.17	-0.4	-84.01	-89.4	
2005-04	1199.57	4.66	-0.2	-0.43	-93.54	-94.51	
2005-05	1091.27	4.05	-0.28	-0.5	-99.79	-98.74	
2005-06	1084.87	3.92	-0.28	-0.51	-89.93	-91.92	
2005-07	1042.18	3.65	-0.31	-0.54	-94.9	-96.68	
2005-08	1151.26	3.79	-0.24	-0.52	-61.65	-84.43	
2005-09	1183.13	4.29	-0.21	-0.45	-32.22	-51.78	
2005-10	1129.15	4.27	-0.25	-0.44	-46.43	-34.93	
2005-11	1101.43	3.56	-0.27	-0.53	-69.16	-71.84	
2005-12	1125.46	3.7	-0.25	-0.51	-51.78	-74.11	
2006-01	1225.04	4.38	-0.18	-0.42	9.26	-19.92	
2006-02	1284.54	4.37	-0.15	-0.41	34.14	8.51	
2006-03	1281.69	4.49	-0.15	-0.39	49.07	26.05	
2006-04	1374.63	4.84	-0.09	-0.34	79.64	45.89	
2006-05	1605.51	5.37	0.06	-0.26	89.29	71.87	
2006-06	1610.25	5.3	0.06	-0.27	87.34	78.29	
2006-07	1687.19	5.56	0.11	-0.23	93.71	86.61	
2006-08	1607.12	5.11	0.06	-0.29	79.12	63.2	
2006-09	1702.23	5.18	0.12	-0.27	93.88	54.76	
2006-10	1792.05	5.05	0.17	-0.29	98.63	52.84	
2006-11	1956.04	5.3	0.27	-0.25	99.51	46.87	
2006-12	2306.73	5.79	0.49	-0.18	99.74	82.65	
2007-01	2818.96	6.97	0.8	-0.01	99.11	96.96	
2007-02	2810.68	7.44	0.78	0.06	92.02	97.8	
2007-03	2990.48	8.22	0.87	0.18	97.56	99.47	
2007-04	3537.12	10.33	1.18	0.47	99.83	99.87	
2007-05	4083.42	12.61	1.48	0.78	99.21	99.31	
2007-06	4012.63	12.08	1.39	0.69	91.92	89.37	
2007-07	4016.05	11.76	1.35	0.64	83.12	80.8	
2007-08	4848.74	14.01	1.78	0.93	98.52	96.16	
2007-09	5360.1	15.24	2	1.08	98.84	98.84	
2007-10	5824.12	16.57	2.18	1.23	96.92	93.75	
2007-11	5265.59	15.76	1.82	1.1	77.76	81.57	
2007-12	5069.59	14.68	1.67	0.94	64.2	65.58	
2008-01	5045.94	16.42	1.61	1.15	61.93	82.75	
2008-02	4459.6	15.68	1.27	1.03	16.31	71.72	
2008-03	3915.35	14.05	0.97	0.8	-14.63	27.98	
2008-04	3397.29	11.63	0.69	0.48	-35.97	-15.43	
2008-05	3551.74	12.64	0.75	0.6	-39.46	-25.4	
2008-06	2995.75	10.08	0.47	0.28	-65.45	-51.07	
2008-07	2802.17	9.61	0.36	0.22	-78.03	-64.91	
2008-08	2496.47	7.84	0.21	0	-90.14	-86.48	
2008-09	2164.09	6.72	0.05	-0.14	-92.57	-89.99	
2008-10	1933.8	6.29	-0.06	-0.19	-95.98	-90	
2008-11	1876.01	5.81	-0.09	-0.25	-90.62	-90.18	
2008-12	1950.9	6.21	-0.05	-0.2	-81.21	-80.55	
2009-01	1936.9	6.61	-0.06	-0.14	-81.55	-65.95	
2009-02	2205.17	7.48	0.07	-0.02	-49.29	-40.05	
2009-03	2228.24	7.99	0.08	0.05	-34.58	-16.56	
2009-04	2461.83	8.77	0.19	0.15	2.38	11.31	
2009-05	2617.24	9.11	0.26	0.19	22.42	29.66	
2009-06	2830.37	9.6	0.36	0.26	41.96	43.75	
2009-07	3209.91	10.57	0.53	0.38	54.89	57.34	
2009-08	3075.49	10.06	0.46	0.31	54.68	53.87	
2009-09	2889.01	9.76	0.37	0.27	43.59	44.72	
2009-10	3008.79	10.16	0.42	0.32	49.33	50.67	
2009-11	3206.36	10.56	0.5	0.37	73.38	72.79	
2009-12	3220.19	10.75	0.5	0.39	79.27	81.99	
2010-01	3163.76	11.04	0.47	0.42	74.91	87.37	
2010-02	2987.03	10.7	0.38	0.37	37.86	76.25	
2010-03	3056.84	10.89	0.4	0.39	30.51	82.3	
2010-04	3053.39	11.3	0.39	0.43	32.06	90.43	
2010-05	2661.87	9.32	0.2	0.18	-31.96	19.51	
2010-06	2541.4	8.98	0.14	0.13	-59.02	-23.87	
2010-07	2493.39	8.05	0.12	0.01	-67.86	-54.59	
2010-08	2636.22	9.26	0.18	0.16	-61.77	-42.7	
2010-09	2645.26	10.57	0.18	0.33	-53.57	-4.56	
2010-10	2942.52	11.16	0.3	0.39	-10.71	26.23	
2010-11	2973.67	11.4	0.31	0.42	19.89	38.6	
2010-12	2845.88	11.1	0.24	0.38	18.09	46.04	
2011-01	2766.58	10.54	0.2	0.3	-6.25	27.68	
2011-02	2872.01	11.4	0.24	0.4	12.14	49.94	
2011-03	2941.89	11.69	0.26	0.43	46.51	65.3	
2011-04	2995.94	10.91	0.28	0.33	65.41	56.72	
2011-05	2827.07	10.55	0.2	0.28	27.47	17.6	
2011-06	2708.68	10.49	0.14	0.26	-22.62	-2.85	
2011-07	2773.56	11.3	0.16	0.35	-32.65	30.91	
2011-08	2592.5	10.66	0.08	0.27	-65.06	8.04	
2011-09	2460.16	10.17	0.02	0.21	-84.69	-45.41	
2011-10	2401.14	9.29	0	0.1	-92.08	-71.98	
2011-11	2456.55	9.9	0.01	0.17	-83.52	-73.86	
2011-12	2248.84	8.84	-0.07	0.04	-97.89	-89.45	
2012-01	2250.15	8.66	-0.08	0.02	-89.64	-87.68	
2012-02	2362.86	9.04	-0.03	0.06	-70.71	-79.29	
2012-03	2383.88	9.68	-0.03	0.13	-54.87	-49.07	
2012-04	2356.65	9.03	-0.04	0.05	-61.66	-67.02	
2012-05	2388.54	9.71	-0.03	0.13	-37.58	-31.33	
2012-06	2282.52	9.49	-0.08	0.1	-67.95	-16.52	
2012-07	2168.81	9	-0.13	0.04	-88.07	-45.09	
2012-08	2114.29	8.37	-0.15	-0.03	-93.63	-79.81	
2012-09	2070.15	8.04	-0.17	-0.07	-92.59	-88.04	
2012-10	2100.09	7.5	-0.16	-0.13	-81.55	-93.01	
2012-11	2042.74	7.36	-0.19	-0.15	-90.91	-91.07	
2012-12	2124.66	7.61	-0.16	-0.12	-72.02	-80.99	
2013-01	2311.04	8.46	-0.08	-0.03	-9.38	-42.9	
2013-02	2380.36	8.91	-0.06	0.02	14.4	-9.52	
2013-03	2296.43	8.76	-0.1	0	15.48	3.1	
2013-04	2211.8	8.58	-0.13	-0.03	4.66	3.27	
2013-05	2264.52	9.09	-0.12	0.03	17.37	34.94	
2013-06	2119.15	8.64	-0.18	-0.03	-4.31	31.09	
2013-07	2013.65	8.4	-0.22	-0.06	-50.93	-7.14	
2013-08	2073.82	8.34	-0.2	-0.07	-50.16	-13.15	
2013-09	2185.35	8.54	-0.16	-0.05	-20.58	-21.48	
2013-10	2186.71	8.8	-0.16	-0.03	-2.28	29.76	
2013-11	2161.97	8.74	-0.18	-0.04	-20.15	22.49	
2013-12	2163.38	8.67	-0.18	-0.05	-3.41	35.39	
2014-01	2036.28	8.7	-0.23	-0.05	-66.07	19.22	
2014-02	2091.48	8.75	-0.21	-0.05	-64.62	51.56	
2014-03	2036.63	8.08	-0.23	-0.13	-80.78	-28.1	
2014-04	2074.38	8.09	-0.22	-0.13	-66.58	-75.89	
2014-05	2029.75	7.95	-0.24	-0.15	-83.93	-81.03	
2014-06	2043.02	8.25	-0.24	-0.12	-72.28	-58.7	
2014-07	2086.23	8.06	-0.23	-0.14	-48.14	-62.85	
2014-08	2218.36	8.37	-0.18	-0.12	25.13	-42.13	
2014-09	2317.07	8.5	-0.14	-0.1	58.42	2.13	
2014-10	2354.65	8.54	-0.13	-0.1	67.16	30.95	
2014-11	2493.26	8.6	-0.08	-0.1	85	14.06	
2014-12	2994.53	10.11	0.09	0.05	98.06	67.59	
2015-01	3293.87	11.18	0.2	0.16	97.23	86.78	
2015-02	3186.55	11.43	0.15	0.17	87.02	94.64	
2015-03	3483.94	11.87	0.25	0.21	97.97	96.43	
2015-04	4186.23	13.68	0.49	0.39	99.91	98.64	
2015-05	4467.85	15.23	0.59	0.53	96.16	98.84	
2015-06	4798.02	15.55	0.69	0.55	93.79	91.75	
2015-07	3848.25	12.3	0.35	0.22	62.27	55.16	
2015-08	3594.02	12.31	0.26	0.22	37.5	42.94	
2015-09	3127.99	10.54	0.1	0.05	-2.5	-1.74	
2015-10	3342.48	11.78	0.18	0.17	-5.15	-0.89	
2015-11	3561.19	13.09	0.26	0.3	0.6	28.7	
2015-12	3546.04	13.48	0.26	0.34	-1.24	50.74	
2016-01	2983.37	10.8	0.07	0.08	-41.52	-4.64	
2016-02	2810.87	10.26	0.02	0.03	-59.29	-45.65	
2016-03	2908.61	10.52	0.06	0.06	-64.99	-58.77	
2016-04	3005.07	11.18	0.11	0.13	-62.68	-47.86	
2016-05	2859.86	11.06	0.06	0.13	-80.27	-49.06	
2016-06	2899.19	11.89	0.08	0.21	-75.45	-2.99	
2016-07	3016.88	11.78	0.13	0.21	-43.28	13.14	
2016-08	3050.02	11.27	0.14	0.15	-25.31	-16.54	
2016-09	3036.47	11.25	0.14	0.15	-14.82	-33.13	
2016-10	3085.99	11.03	0.16	0.13	7.81	-56.86	
2016-11	3195.52	11.32	0.2	0.16	35.06	-31.05	
2016-12	3155.84	11.15	0.18	0.14	36.04	-60.8	
2017-01	3136.32	11.1	0.17	0.13	37.9	-45.78	
2017-02	3211.46	11.21	0.19	0.13	58.13	-48.21	
2017-03	3240.69	12.41	0.2	0.24	68.94	47.17	
2017-04	3213.27	11.14	0.18	0.11	57.64	17.51	
2017-05	3094.58	11.19	0.13	0.11	6.43	-12.01	
2017-06	3145.78	11.42	0.15	0.13	4.06	-15.18	
2017-07	3222.19	10.83	0.17	0.07	50	-35.5	
2017-08	3287.49	11	0.19	0.08	76.47	-54.27	
2017-09	3363.2	11.71	0.22	0.15	86.73	5.65	
2017-10	3386.9	12.6	0.22	0.23	95.38	57.09	
2017-11	3388.22	12.9	0.22	0.26	91.15	84.21	
2017-12	3293.65	12.38	0.19	0.21	58.67	73.68	
2018-01	3457.02	12.04	0.24	0.17	82.39	57.06	
2018-02	3296.35	11.31	0.18	0.1	60.24	11.73	
2018-03	3247.75	11.92	0.17	0.16	18.26	21.14	
2018-04	3124.26	12.51	0.12	0.21	-29.66	61.46	
2018-05	3147.13	12.8	0.13	0.24	-39.65	77.11	
2018-06	2978.06	11.94	0.07	0.15	-66.52	52.14	
2018-07	2821.06	10.79	0.01	0.04	-78.65	-18.67	
2018-08	2748.16	10.21	-0.01	-0.01	-90.22	-58.38	
2018-09	2723.08	10.05	-0.02	-0.03	-92.76	-80.5	
2018-10	2601.96	8.96	-0.06	-0.13	-95.63	-92.36	
2018-11	2631	8.27	-0.05	-0.2	-89.69	-96.87	
2018-12	2573.7	8.68	-0.07	-0.16	-95.89	-84.73	
2019-01	2558.43	8.3	-0.08	-0.2	-87.17	-89.41	
2019-02	2779.47	8.61	0	-0.16	-50.59	-73.99	
2019-03	3048.24	9.61	0.1	-0.07	1.11	-38.95	
2019-04	3195.09	10.08	0.15	-0.02	37.41	-7.86	
2019-05	2898.8	9.68	0.04	-0.06	25.8	-8.44	
2019-06	2923.6	9.67	0.05	-0.06	22.79	0.52	
2019-07	2947.85	10.78	0.06	0.05	26.94	38	
2019-08	2847.06	11.58	0.02	0.13	5.11	61.24	
2019-09	2978.38	11.61	0.07	0.13	35.62	72.86	
2019-10	2954.83	11.3	0.06	0.1	31.45	69.59	
2019-11	2923.77	11.05	0.05	0.08	6.72	61.48	
2019-12	2962.06	10.73	0.06	0.05	9.9	33.24	
2020-01	3078.66	11.61	0.1	0.13	77.01	46.88	
2020-02	2927.51	11.61	0.04	0.13	46.07	72.41	
2020-03	2852.06	10.73	0.02	0.04	14.08	27.07	
2020-04	2814.11	10.76	0	0.04	-57.65	-6.38	
2020-05	2867.09	12.11	0.02	0.17	-56.25	51.79	
2020-06	2940.74	12.22	0.04	0.18	-15.81	77.86	
2020-07	3288.83	13.07	0.16	0.25	51.71	88.86	
2020-08	3374.22	13.05	0.19	0.25	93.62	86.56	
2020-09	3288.86	12.8	0.15	0.22	80.19	79.71	
2020-10	3301.74	14.08	0.15	0.34	79.8	93.75	
2020-11	3345.49	12.89	0.16	0.22	83.42	72.19	
2020-12	3399.72	12.99	0.18	0.22	89.75	56.37	
2021-01	3566.43	14.59	0.23	0.36	96.7	85.94	
2021-02	3576.94	13.6	0.23	0.27	91.9	78.33	
2021-03	3442.98	11.29	0.17	0.05	71.43	9.43	
2021-04	3453.51	12.1	0.17	0.12	63.05	-19.22	
2021-05	3508.94	12.42	0.19	0.14	68.45	-15.97	
2021-06	3575.85	13.97	0.2	0.28	85.71	32.18	
2021-07	3513.87	14.65	0.18	0.33	71.27	52.8	
2021-08	3494.68	14.3	0.17	0.3	42.82	66.31	
2021-09	3627.21	12	0.21	0.08	83.57	4.73	
2021-10	3574.03	13.02	0.18	0.17	78.68	-7.98	
2021-11	3538.61	14.41	0.17	0.29	53.41	45.86	
2021-12	3627.04	12.71	0.19	0.13	87.27	11.26	
2022-01	3533.89	12.47	0.15	0.11	59.73	-31.91	
2022-02	3461.95	11.65	0.12	0.03	8.76	-55.25	
2022-03	3319.43	11.46	0.07	0.01	-32.14	-59.05	
2022-04	3134.84	10.24	0.01	-0.1	-69.46	-76.64	
2022-05	3090.44	10.6	-0.01	-0.07	-80.26	-78.67	
2022-06	3295.39	12.04	0.06	0.06	-62.92	-54.72	
2022-07	3305.03	12.77	0.05	0.12	-56.46	-16.54	
2022-08	3243.6	13.54	0.03	0.18	-66.93	16.07	
2022-09	3152.13	11.95	0	0.04	-77.04	-14.11	
2022-10	3006.11	13.13	-0.05	0.13	-89.29	16.35	
2022-11	3079.4	12.55	-0.03	0.08	-80.2	30.93	
2022-12	3135.43	11.81	-0.02	0.01	-65.59	-25	
2023-01	3195.34	12.8	0	0.09	-45.87	4.46	
2023-02	3269.76	12.84	0.02	0.09	-2.95	37.9	
2023-03	3268.79	12.65	0.02	0.07	14.29	16.77	
2023-04	3320.67	13.99	0.03	0.18	40.51	69.41	
2023-05	3280.85	11.82	0.02	0	30.63	19.55	
2023-06	3216.55	13.2	0	0.11	5.45	45.58	
2023-07	3216.94	12.54	0	0.06	-5.83	45.54	
2023-08	3176.91	10.83	-0.01	-0.08	-10.87	-53.38	
2023-09	3126.06	11.5	-0.02	-0.02	-53.75	-69.42	
2023-10	3033.74	11.65	-0.04	-0.01	-69.22	-68.54	
2023-11	3045.85	11.96	-0.04	0.02	-66.07	-51.66	
2023-12	2955.12	11.38	-0.06	-0.03	-84.95	-73.85	
2024-01	2872.68	10.56	-0.09	-0.1	-94.07	-86.89	
2024-02	2886.86	9.82	-0.08	-0.16	-87.37	-92.09	
2024-03	3044.95	11.61	-0.03	-0.01	-52.64	-51.23	
2024-04	3057.22	10.63	-0.03	-0.09	-33.35	-74.06	
2024-05	3131.6	10.61	0	-0.09	3.75	-79.6	
2024-06	3017.31	10.7	-0.04	-0.08	-16.73	-70.53	
2024-07	2947.23	10.23	-0.06	-0.12	-51.94	-82.26	
2024-08	2864.92	9.46	-0.09	-0.19	-75.24	-94.16	
2024-09	2826.29	9.17	-0.1	-0.21	-80.73	-94.74	
2024-10	3276.62	11.36	0.04	-0.02	-6.15	-37.5	
2024-11	3354.7	11.3	0.06	-0.03	51.45	-5.99	
2024-12	3388.86	10.83	0.07	-0.07	81.98	-7.26	
2025-01	3221.86	11.28	0.02	-0.03	64.64	20.83	
