month	ct_avg_Tdx收盘价	ct_avg_前复权价格	deviate_avg_100_ct_avg_Tdx收盘价	ct_avg_noise_avg_Tdx收盘价	deviate_avg_100_ct_avg_前复权价格	ct_avg_noise_avg_前复权价格
2005-06	3.21	0.25	-0.51	-90.48	-0.48	-89.98	
2005-07	2.6	0.21	-0.59	-96.64	-0.56	-95.66	
2005-08	3.11	0.25	-0.5	-77.01	-0.47	-75.12	
2005-09	3.46	0.27	-0.43	-56.9	-0.41	-53.61	
2005-10	3.14	0.25	-0.47	-66.73	-0.46	-65.46	
2005-12	3.68	0.29	-0.37	-29.98	-0.36	-10.55	
2006-02	3.74	0.29	-0.35	-5.95	-0.34	17.54	
2006-03	3.71	0.29	-0.34	-0.35	-0.34	22.86	
2006-04	3.94	0.31	-0.3	24.44	-0.28	41.16	
2006-05	5.53	0.44	-0.01	50.99	0.02	69.25	
2006-06	5.16	0.41	-0.07	57.71	-0.05	74.92	
2006-07	5.79	0.46	0.05	81.55	0.07	88.18	
2006-08	5.32	0.42	-0.03	72.32	-0.02	74.18	
2006-09	5.44	0.43	-0.01	70.11	0	72.41	
2006-10	5.7	0.45	0.04	85.29	0.05	85.5	
2006-11	5.54	0.44	0.01	76.23	0.02	73.34	
2006-12	5.66	0.45	0.04	77.93	0.05	71.13	
2007-01	7.57	0.6	0.39	98.39	0.4	94.51	
2007-02	8.21	0.65	0.5	95.71	0.51	94.88	
2007-03	9.97	0.79	0.8	98.9	0.8	98.54	
2007-04	12.93	1.02	1.3	99.29	1.32	99.32	
2007-05	14.69	1.16	1.57	98.41	1.58	98.41	
2007-06	13.22	1.05	1.28	84.52	1.28	84.22	
2007-07	12.62	1	1.15	70.78	1.17	70.46	
2007-08	15.84	1.25	1.65	92.39	1.66	91.81	
2007-09	18.52	1.46	2.03	96.7	2.04	96.34	
2007-10	17.3	1.37	1.77	84.52	1.8	84.47	
2007-11	14.13	1.12	1.23	51.05	1.24	50.85	
2007-12	14.8	1.18	1.31	40.79	1.36	41.96	
2008-01	15.99	1.26	1.45	59.05	1.47	60.11	
2008-02	14.35	1.13	1.17	17.5	1.17	16.9	
2008-03	12.46	0.98	0.87	-13.56	0.88	-13.95	
2008-04	10.19	0.8	0.51	-41.79	0.51	-43.24	
2008-05	10.95	0.87	0.62	-43.44	0.64	-44.2	
2008-06	8.49	0.68	0.24	-72.77	0.26	-72.59	
2008-07	8.05	0.65	0.18	-80.71	0.2	-80.08	
2008-08	7.04	0.57	0.02	-90.56	0.06	-89.8	
2008-09	6.11	0.49	-0.11	-94.13	-0.09	-93.56	
2008-10	4.54	0.36	-0.34	-98.39	-0.33	-98.57	
2008-11	4.59	0.37	-0.33	-88.84	-0.31	-88.84	
2008-12	5.06	0.41	-0.26	-79.02	-0.24	-79.31	
2009-01	5.28	0.42	-0.23	-69.11	-0.22	-69.4	
2009-02	6.63	0.54	-0.03	-37.86	0	-36.74	
2009-03	6.42	0.52	-0.06	-24.63	-0.04	-23.78	
2009-04	7.19	0.58	0.05	5.94	0.07	6.76	
2009-05	7.53	0.61	0.1	22.37	0.13	23.81	
2009-06	7.57	0.62	0.1	33.52	0.15	37.26	
2009-07	9.15	0.75	0.33	54.47	0.39	55.24	
2009-08	8.92	0.73	0.29	54.34	0.35	56.16	
2009-09	8.97	0.73	0.29	58.16	0.33	59.46	
2009-10	9.64	0.78	0.38	72.04	0.42	76.28	
2009-11	11.19	0.91	0.6	90.39	0.65	91.71	
2009-12	11.98	0.98	0.7	87.31	0.75	87.5	
2010-01	11.99	0.98	0.69	89.02	0.75	89.51	
2010-02	12.08	0.98	0.68	87.44	0.72	86.79	
2010-03	12.6	1.03	0.74	95.15	0.81	94.1	
2010-04	13.53	1.11	0.85	96.61	0.91	95.71	
2010-05	12.27	1	0.66	73.48	0.69	71.96	
2010-06	11.3	0.93	0.52	37.22	0.58	38.02	
2010-07	11.29	0.93	0.5	18.87	0.55	20.41	
2010-08	12.91	1.07	0.7	60.11	0.78	63.31	
2010-09	13.76	1.14	0.79	72.65	0.87	74.58	
2010-10	15.74	1.3	1.03	87.5	1.1	89.12	
2010-11	15.84	1.31	1.01	89.69	1.08	89.41	
2010-12	16.07	1.33	1.02	89.63	1.11	89.32	
2011-01	15	1.24	0.86	66.74	0.94	67.01	
2011-02	17.49	1.44	1.14	89.41	1.22	88.69	
2011-03	17.88	1.48	1.16	90.14	1.24	90.22	
2011-04	17.71	1.47	1.11	87.45	1.19	87.22	
2011-05	16.45	1.36	0.93	59.78	1	58.63	
2011-06	15.39	1.31	0.78	25.55	0.9	29.85	
2011-07	15.77	1.34	0.8	17.99	0.91	26.78	
2011-08	14.02	1.19	0.59	-23.14	0.68	-16.65	
2011-09	13.33	1.14	0.5	-47.53	0.58	-39.5	
2011-10	12.03	1.03	0.34	-68.8	0.43	-65.46	
2011-11	11.85	1.01	0.31	-76.66	0.38	-71.79	
2011-12	10.35	0.88	0.14	-92.25	0.21	-90.5	
2012-01	9.87	0.84	0.08	-87.26	0.14	-86.97	
2012-02	10.68	0.91	0.16	-75	0.23	-74.06	
2012-03	11.42	0.97	0.23	-57.51	0.29	-56.7	
2012-04	11.01	0.94	0.18	-61.72	0.25	-61.87	
2012-05	10.5	0.89	0.12	-76.54	0.17	-76.66	
2012-06	9.81	0.84	0.04	-87.63	0.11	-88.17	
2012-07	8.53	0.76	-0.1	-93.06	0	-92.65	
2012-08	8.4	0.75	-0.11	-90.6	-0.01	-90.14	
2012-09	8.17	0.72	-0.14	-91.79	-0.05	-90.58	
2012-10	7.72	0.69	-0.18	-97.07	-0.1	-95.14	
2012-11	6.61	0.59	-0.3	-99.35	-0.23	-98.42	
2012-12	6.81	0.6	-0.28	-85.93	-0.22	-85.88	
2013-01	7.69	0.68	-0.19	-62.32	-0.12	-61.38	
2013-02	7.7	0.68	-0.19	-50.3	-0.12	-50.71	
2013-03	6.96	0.62	-0.27	-77.38	-0.19	-75.85	
2013-04	6.64	0.59	-0.3	-89.19	-0.24	-87.15	
2013-05	6.66	0.59	-0.3	-81.45	-0.24	-81.62	
2013-06	5.95	0.53	-0.38	-91.49	-0.32	-89.71	
2013-07	5.37	0.48	-0.44	-95.54	-0.38	-94.95	
2013-08	5.73	0.51	-0.4	-78.98	-0.35	-79.3	
2013-09	6.11	0.54	-0.36	-61.14	-0.32	-61.33	
2013-10	5.88	0.52	-0.39	-69.89	-0.34	-68.15	
2013-11	5.91	0.52	-0.38	-66.33	-0.34	-65.05	
2013-12	6.03	0.54	-0.37	-37.95	-0.32	-39.41	
2014-01	5.37	0.48	-0.44	-76.79	-0.4	-75.81	
2014-02	5.67	0.5	-0.41	-75.84	-0.38	-69.81	
2014-03	5.76	0.51	-0.41	-61.74	-0.36	-54.76	
2014-04	5.83	0.52	-0.4	-26.96	-0.35	-24.36	
2014-05	5.7	0.5	-0.42	-60.8	-0.38	-53.48	
2014-06	5.81	0.53	-0.41	-27.86	-0.35	-3.93	
2014-07	6.35	0.58	-0.35	34.98	-0.28	48.29	
2014-08	7.04	0.65	-0.28	70.36	-0.2	73.13	
2014-09	9.46	0.87	-0.04	87.8	0.06	87.29	
2014-10	9.33	0.86	-0.06	83.98	0.05	85.37	
2014-11	9.56	0.88	-0.04	91.52	0.06	91.43	
2014-12	10.5	0.96	0.05	94.29	0.16	93.98	
2015-01	10.34	0.95	0.03	88.79	0.13	88.84	
2015-02	10.09	0.93	0	77.26	0.11	76.67	
2015-03	11.66	1.07	0.15	94.52	0.26	94.56	
2015-04	14.01	1.29	0.37	98.89	0.5	98.77	
2015-05	13.95	1.29	0.35	91.84	0.5	90.27	
2015-10	11.18	1.16	0.08	72.22	0.32	42.12	
2015-11	11.07	1.03	0.07	55.82	0.17	-6.55	
2015-12	11.45	1.07	0.11	50.78	0.22	-21.74	
2016-01	10.19	0.95	-0.01	30.31	0.09	-35.14	
2016-02	9.89	0.92	-0.04	-8.99	0.06	-52.56	
2016-03	10.6	0.99	0.04	-9.12	0.14	-46.74	
2016-04	12.01	1.12	0.18	29.91	0.29	-15.18	
2016-05	10.94	1.02	0.08	14.88	0.17	-28.49	
2016-06	10.97	1.04	0.09	-7.01	0.2	-30.4	
2016-07	12.33	1.17	0.23	48.26	0.34	28.49	
2016-08	12.44	1.18	0.24	63	0.36	48.25	
2016-09	12.1	1.15	0.21	53.53	0.32	41.83	
2016-10	12.19	1.15	0.23	62.28	0.31	53.79	
2016-11	12.58	1.19	0.26	80.52	0.35	73.05	
2016-12	13.42	1.27	0.34	90.99	0.43	85.55	
2017-01	13.1	1.24	0.31	85.07	0.38	79.51	
2017-02	13.85	1.31	0.38	95.73	0.44	92.06	
2017-03	13.42	1.27	0.33	81.25	0.38	79.77	
2017-04	12.6	1.19	0.24	48.26	0.29	46.18	
2017-05	11.27	1.07	0.1	-8.35	0.15	-10.18	
2017-06	11.28	1.08	0.1	-29.3	0.15	-29.79	
2017-07	12.18	1.17	0.18	-21.17	0.24	-19.13	
2017-08	12.96	1.25	0.24	20.03	0.32	28.73	
2017-09	14.05	1.35	0.33	50.68	0.41	54.76	
2017-10	13.13	1.26	0.24	44.91	0.31	51.16	
2017-11	12.03	1.16	0.13	-7.47	0.2	-0.77	
2017-12	11.55	1.11	0.08	-41.41	0.14	-34.65	
2018-01	11.68	1.12	0.09	-52.03	0.14	-44.64	
2018-02	11.18	1.08	0.04	-73.33	0.1	-65.83	
2018-03	10.93	1.05	0.01	-79.63	0.07	-71.87	
2018-04	10.2	0.98	-0.06	-87.15	0	-82.24	
2018-05	10.1	0.97	-0.07	-87.5	-0.01	-83.97	
2018-06	9.86	0.96	-0.09	-90.67	-0.02	-84.28	
2018-07	8.8	0.87	-0.18	-93.1	-0.11	-92.7	
2018-08	9.49	0.94	-0.12	-77.13	-0.04	-73.87	
2018-09	9.73	0.96	-0.09	-62.88	-0.02	-58.18	
2018-10	9.33	0.92	-0.13	-67.71	-0.06	-62.2	
2018-11	9.34	0.93	-0.13	-73.66	-0.05	-69.24	
2018-12	9.04	0.89	-0.15	-87.72	-0.08	-85.27	
2019-01	9.18	0.91	-0.13	-77.68	-0.06	-73.9	
2019-02	10.18	1.01	-0.04	-29.11	0.04	-21.79	
2019-03	11.85	1.18	0.12	33.89	0.22	37.42	
2019-04	14.36	1.42	0.35	64.54	0.46	72.07	
2019-05	13.06	1.33	0.23	71.74	0.37	77.5	
2019-06	12.82	1.35	0.21	70.68	0.39	80.17	
2019-07	12.59	1.33	0.19	60.11	0.37	73.91	
2019-08	13.53	1.43	0.29	77.44	0.47	89.69	
2019-09	16.19	1.71	0.54	93.62	0.76	97.14	
2019-10	17.49	1.84	0.66	94.84	0.88	95.44	
2019-11	21.37	2.25	1.02	99.15	1.3	99.15	
2019-12	23.77	2.51	1.24	94.64	1.51	94.85	
2020-01	23.04	2.43	1.16	88.28	1.41	88.17	
2020-02	23.81	2.51	1.21	84.6	1.44	84.78	
2020-03	26.54	2.8	1.44	91.52	1.69	91.56	
2020-04	26.7	2.88	1.43	94.13	1.72	95.15	
2020-05	15.55	2.89	0.41	28.57	1.68	89.24	
2020-06	16.35	3.04	0.48	0.09	1.76	94.69	
2020-07	18.65	3.47	0.67	-6.79	2.07	98.14	
2020-08	18.72	3.48	0.67	-19.39	2	89.2	
2020-09	17.2	3.2	0.52	-41.03	1.71	67.21	
2020-10	16.79	3.12	0.48	-50.89	1.6	50.11	
2020-11	19.39	3.6	0.69	-25.38	1.93	68.58	
2020-12	21.03	3.91	0.82	22.05	2.1	90.41	
2021-01	26.42	4.91	1.26	53.03	2.78	98.97	
2021-02	31.64	5.88	1.65	67.44	3.36	97.98	
2021-03	27.34	5.08	1.26	61.3	2.63	81.41	
2021-04	25.96	4.96	1.11	61.91	2.44	76.45	
2021-05	24.62	4.7	0.98	48.26	2.18	54.56	
2021-06	22.59	4.31	0.79	23.43	1.84	29.12	
2021-07	21.24	4.06	0.67	-8	1.62	-0.41	
2021-08	24.31	4.64	0.88	16.4	1.92	23.58	
2021-09	24.36	4.65	0.86	33.66	1.84	40.76	
2021-10	20.56	3.93	0.56	-27.29	1.35	-17.36	
2021-11	19.8	3.78	0.48	-56.98	1.22	-43.59	
2021-12	19.74	3.77	0.47	-71.7	1.17	-55.24	
2022-01	22.71	4.34	0.67	-39.76	1.45	-26.08	
2022-02	23.81	4.55	0.72	-5.8	1.51	5.75	
2022-03	20.03	3.72	0.43	-37.2	1.01	-37.89	
2022-04	19.09	3.75	0.35	-69.69	0.99	-63.39	
2022-05	17.82	3.54	0.25	-83.32	0.85	-78.1	
2022-06	19.84	3.95	0.38	-67.98	1.04	-54.97	
2022-07	20.03	3.98	0.38	-61.01	1.01	-28.95	
2022-08	19.57	3.89	0.34	-58.81	0.94	-27.37	
2022-09	18.7	3.72	0.27	-75.08	0.82	-62.93	
2022-10	16.92	3.37	0.14	-88.78	0.63	-79.97	
2022-11	17.1	3.4	0.14	-84.42	0.62	-80.64	
2022-12	17.69	3.52	0.17	-79.14	0.65	-76.22	
2023-01	17.97	3.57	0.18	-65.79	0.65	-63.84	
2023-02	19.4	3.86	0.26	-23.7	0.76	-20.85	
2023-03	18.91	3.76	0.22	-10.29	0.7	-5.82	
2023-04	17.02	3.44	0.09	-54.98	0.54	-53.38	
2023-05	16.07	3.33	0.03	-76.56	0.47	-71.74	
2023-06	15.44	3.2	-0.02	-85.94	0.4	-78.53	
2023-07	16.02	3.32	0.02	-76.32	0.44	-70.41	
2023-08	15.37	3.19	-0.03	-81.6	0.37	-77.91	
2023-09	14.87	3.08	-0.06	-92.5	0.32	-90.98	
2023-10	14.82	3.07	-0.07	-90.13	0.3	-87.6	
2023-11	14.24	2.95	-0.11	-94.36	0.24	-93.99	
2023-12	13.54	2.81	-0.15	-97.41	0.18	-97.24	
2024-01	13.64	2.83	-0.14	-89.81	0.17	-89.69	
2024-02	14.31	2.97	-0.1	-69	0.22	-69.71	
2024-03	15.18	3.15	-0.05	-31.42	0.29	-30.82	
2024-04	15.52	3.22	-0.03	-4.96	0.3	-4.33	
2024-05	15.63	3.33	-0.03	15.54	0.34	23.44	
2024-06	14.38	3.09	-0.11	-14.71	0.23	5.03	
2024-07	12.89	2.77	-0.2	-58.54	0.09	-43.09	
2024-08	11.81	2.53	-0.27	-82.43	-0.01	-72.12	
2024-09	11.17	2.4	-0.31	-91.03	-0.06	-86.28	
2024-10	12.6	2.7	-0.22	-71.97	0.05	-68.5	
2024-11	12.2	2.62	-0.25	-72.7	0.01	-67.77	
2024-12	11.9	2.55	-0.26	-80.03	-0.02	-76.58	
2025-01	11.25	2.42	-0.3	-90.97	-0.08	-90.33	
2025-02	11.47	2.46	-0.29	-82.14	-0.06	-83.93	
