month	ct_avg_Tdx收盘价	ct_avg_前复权价格	deviate_avg_100_ct_avg_Tdx收盘价	ct_avg_noise_avg_Tdx收盘价	deviate_avg_100_ct_avg_前复权价格	ct_avg_noise_avg_前复权价格
2015-01	4.86	2.1	0.07	86.74	0.35	92.95	
2015-02	4.42	1.91	-0.03	75	0.22	80	
2015-03	4.61	1.99	0.01	82.83	0.26	84.62	
2015-04	5.3	2.29	0.16	96.98	0.44	97.15	
2015-05	5.19	2.24	0.13	88.26	0.4	88.35	
2015-06	5.26	2.27	0.15	87.63	0.42	87.41	
2015-07	5.22	2.33	0.14	78.11	0.45	86.26	
2015-08	4.57	2.06	0	30.57	0.27	46.09	
2015-09	4.47	2.02	-0.02	1.12	0.25	13.57	
2015-10	4.54	2.05	0	-7.62	0.27	6.99	
2015-11	4.64	2.09	0.02	-3.95	0.28	9.95	
2015-12	4.64	2.09	0.02	-10.99	0.28	-0.12	
2016-01	4.27	1.93	-0.05	-46.74	0.18	-36.92	
2016-02	4.03	1.82	-0.1	-67.08	0.12	-58.27	
2016-03	4.28	1.93	-0.03	-61.22	0.19	-51.51	
2016-04	4.29	1.93	-0.02	-64.2	0.2	-51.16	
2016-05	4.25	1.91	-0.03	-71.9	0.19	-55.78	
2016-06	4.4	1.98	0.02	-26.61	0.23	-16.52	
2016-07	4.36	2.04	0.01	-24.83	0.27	19.22	
2016-08	4.44	2.11	0.03	-6.83	0.31	48.91	
2016-09	4.45	2.11	0.04	21.03	0.31	53.66	
2016-10	4.42	2.1	0.04	22.6	0.3	52.29	
2016-11	4.44	2.11	0.04	26.05	0.3	57.22	
2016-12	4.48	2.13	0.05	43.71	0.31	72.08	
2017-01	4.5	2.14	0.05	50.2	0.3	71.43	
2017-02	4.64	2.2	0.09	75.59	0.33	89.68	
2017-03	4.71	2.24	0.1	83.42	0.35	92.43	
2017-04	4.82	2.29	0.12	88.34	0.37	95.49	
2017-05	4.99	2.37	0.16	93.08	0.41	98.39	
2017-06	5.13	2.44	0.19	91.8	0.44	92.25	
2017-07	5.31	2.6	0.23	97.45	0.52	99.02	
2017-08	5.73	2.85	0.32	98.56	0.66	98.37	
2017-09	5.91	2.94	0.35	94.77	0.69	94.94	
2017-10	6.19	3.08	0.41	97.64	0.76	97.74	
2017-11	6.01	2.99	0.37	83.12	0.69	83.16	
2017-12	5.96	2.96	0.35	72.45	0.66	72.45	
2018-01	6.74	3.35	0.53	93.63	0.86	93.75	
2018-02	7.07	3.51	0.6	91.67	0.93	91.73	
2018-03	6.4	3.18	0.44	72.28	0.74	72.44	
2018-04	5.97	2.96	0.34	35.32	0.61	35.91	
2018-05	5.92	2.94	0.33	17.82	0.58	18.34	
2018-06	5.58	2.77	0.25	-12.81	0.48	-11.34	
2018-07	5.41	2.76	0.21	-31.66	0.47	-24.96	
2018-08	5.44	2.83	0.21	-39.6	0.5	-26.09	
2018-09	5.46	2.84	0.22	-51.97	0.49	-31.95	
2018-10	5.53	2.87	0.23	-39.19	0.49	-13.89	
2018-11	5.41	2.81	0.2	-59.46	0.46	-29.87	
2018-12	5.32	2.77	0.17	-81.92	0.42	-55.27	
2019-01	5.35	2.78	0.18	-78.17	0.42	-58.85	
2019-02	5.66	2.94	0.24	-26.79	0.48	4.29	
2019-03	5.63	2.92	0.23	-4	0.47	28.27	
2019-04	5.8	3.02	0.27	28.23	0.5	49.7	
2019-05	5.62	2.92	0.22	27.23	0.45	51.07	
2019-06	5.79	3.01	0.26	55.12	0.48	77.87	
2019-07	5.65	3.06	0.22	38.94	0.49	84.86	
2019-08	5.46	2.96	0.18	-7.96	0.43	56.78	
2019-09	5.51	2.98	0.19	-28.97	0.43	50.04	
2019-10	5.78	3.13	0.24	11.81	0.49	83.78	
2019-11	5.84	3.17	0.25	46.09	0.5	86.86	
2019-12	5.82	3.16	0.24	55.72	0.48	86.2	
2020-01	5.88	3.19	0.25	71.93	0.48	89.12	
2020-02	5.45	2.95	0.16	3.17	0.37	27.32	
2020-03	5.23	2.84	0.11	-43.43	0.31	-16.07	
2020-04	5.12	2.78	0.08	-81.21	0.27	-47.49	
2020-05	5.11	2.77	0.08	-86.61	0.26	-60.71	
2020-06	5.21	2.83	0.1	-70.13	0.28	-55.98	
2020-07	5.14	2.93	0.08	-74.65	0.32	-32.57	
2020-08	5	2.86	0.05	-90.99	0.28	-53.23	
2020-09	4.93	2.81	0.03	-95.58	0.25	-69.72	
2020-10	4.98	2.85	0.04	-83.32	0.26	-57.37	
2020-11	5.04	2.88	0.05	-71.13	0.26	-34.57	
2020-12	5.09	2.9	0.06	-45.46	0.27	-2.1	
2021-01	5.06	2.89	0.05	-45.71	0.25	-4.06	
2021-02	5.23	2.99	0.08	-1.91	0.29	38.87	
2021-03	5.45	3.11	0.12	37.93	0.33	71.51	
2021-04	5.37	3.07	0.1	45.92	0.3	74.7	
2021-05	5.23	2.99	0.07	28.37	0.26	57.29	
2021-06	5.18	2.96	0.06	14.88	0.24	33.59	
2021-07	4.81	2.87	-0.02	-26.05	0.2	-2.11	
2021-08	4.61	2.77	-0.06	-54.5	0.15	-41.72	
2021-09	4.7	2.83	-0.04	-58.66	0.17	-48.3	
2021-10	4.72	2.84	-0.04	-56.42	0.17	-45.93	
2021-11	4.64	2.79	-0.05	-83.36	0.14	-68.3	
2021-12	4.64	2.79	-0.06	-85.83	0.13	-72.4	
2022-01	4.7	2.83	-0.05	-55.45	0.15	-48.35	
2022-02	4.78	2.88	-0.03	-31.59	0.16	-18.64	
2022-03	4.66	2.78	-0.06	-50.48	0.11	-52.76	
2022-04	4.78	2.87	-0.04	-11.47	0.14	-7.47	
2022-05	4.67	2.81	-0.06	-26.5	0.12	-24.11	
2022-06	4.7	2.83	-0.06	-30.99	0.11	-28.53	
2022-07	4.53	2.84	-0.09	-42.64	0.11	11.9	
2022-08	4.34	2.78	-0.13	-88.43	0.08	-46.86	
2022-09	4.36	2.79	-0.13	-85.2	0.08	-60.12	
2022-10	4.32	2.77	-0.14	-90.07	0.07	-60.16	
2022-11	4.17	2.67	-0.17	-92.37	0.02	-81.09	
2022-12	4.28	2.74	-0.15	-78.25	0.05	-73.01	
2023-01	4.33	2.77	-0.14	-56.14	0.05	-53.18	
2023-02	4.3	2.76	-0.15	-60.49	0.05	-52.37	
2023-03	4.44	2.85	-0.12	-19.8	0.07	-4	
2023-04	4.65	2.98	-0.08	22.84	0.12	44.17	
2023-05	4.98	3.19	-0.02	50.8	0.19	71.52	
2023-06	4.9	3.14	-0.03	57.63	0.17	81.7	
2023-07	4.72	3.13	-0.07	51.19	0.16	80.02	
2023-08	4.65	3.18	-0.08	43.83	0.17	87.38	
2023-09	4.65	3.17	-0.08	36.7	0.17	84.96	
2023-10	4.79	3.27	-0.05	59.51	0.2	92.38	
2023-11	4.78	3.27	-0.05	66.68	0.19	91.03	
2023-12	4.77	3.26	-0.06	66.24	0.19	86.31	
2024-01	4.92	3.36	-0.03	81.49	0.22	96.59	
2024-02	5.3	3.62	0.05	91.07	0.3	98.66	
2024-03	5.28	3.61	0.04	87.08	0.29	90.98	
2024-04	5.41	3.7	0.07	94.69	0.32	96.61	
2024-05	5.44	3.72	0.07	90.89	0.31	92.37	
2024-06	5.51	3.77	0.08	95.72	0.32	95.35	
2024-07	5.95	4.18	0.16	97.67	0.46	99.22	
2024-08	6.12	4.4	0.19	93.63	0.52	96.63	
2024-09	5.78	4.15	0.12	76.17	0.42	81.77	
2024-10	6.18	4.44	0.2	90.08	0.51	90.77	
2024-11	6.11	4.4	0.18	86.9	0.48	87.41	
2024-12	6.54	4.7	0.26	98.3	0.57	98.42	
2025-01	6.65	4.86	0.27	90.24	0.61	92.92	
