month	ct_avg_Tdx收盘价	ct_avg_前复权价格	deviate_avg_100_ct_avg_Tdx收盘价	ct_avg_noise_avg_Tdx收盘价	deviate_avg_100_ct_avg_前复权价格	ct_avg_noise_avg_前复权价格
2005-09	3.77	0.87	-0.65	-22.41	-0.3	-17.45	
2005-10	4.42	1.02	-0.59	15.74	-0.18	19.7	
2005-11	4.43	1.03	-0.59	31.78	-0.18	36.24	
2005-12	4.57	1.06	-0.57	54.79	-0.16	57.35	
2006-01	4.84	1.12	-0.54	65.07	-0.11	69.36	
2006-02	4.84	1.12	-0.53	70.7	-0.11	72.32	
2006-03	4.63	1.07	-0.55	64.48	-0.15	66.77	
2006-04	5.12	1.18	-0.49	88.26	-0.06	88.44	
2006-05	5.85	1.41	-0.41	95.83	0.12	97.42	
2006-06	6.24	1.45	-0.37	94.64	0.15	90.3	
2006-07	4.94	1.47	-0.49	71.07	0.16	90.99	
2006-08	4.11	1.23	-0.57	18.4	-0.03	50.74	
2006-09	4.85	1.45	-0.48	35.09	0.14	77.34	
2006-10	4.7	1.4	-0.49	24.58	0.11	72.27	
2006-11	4.45	1.33	-0.51	-13.8	0.06	39.77	
2006-12	4.64	1.38	-0.48	-8.21	0.09	55.91	
2007-01	5.48	1.64	-0.38	40.49	0.29	82.68	
2007-02	6.31	1.88	-0.28	80	0.47	95.06	
2007-03	7.65	2.28	-0.11	93.1	0.77	98.05	
2007-04	10.78	3.22	0.25	97.79	1.46	99.4	
2007-05	12.32	3.68	0.44	97.64	1.75	97.62	
2007-06	13.19	3.94	0.53	95.11	1.88	95.15	
2007-07	9.95	2.98	0.16	68.11	1.14	67.17	
2007-08	11.83	3.54	0.38	78.9	1.49	78.73	
2007-09	12.39	3.71	0.45	87.55	1.58	87.19	
2007-10	10.95	3.29	0.28	59.47	1.24	58.93	
2007-11	9.81	2.94	0.14	17.33	0.97	16.11	
2007-12	11.07	3.33	0.29	28.2	1.21	27.81	
2008-01	13.38	4.02	0.55	61.32	1.61	61.16	
2008-02	13.31	4	0.54	71.07	1.55	70.54	
2008-03	11.99	3.6	0.38	55.99	1.26	57.7	
2008-04	10.19	3.06	0.17	5.45	0.9	4.51	
2008-05	12.07	3.62	0.38	30.54	1.21	29.87	
2008-06	9.28	2.79	0.07	-19.87	0.69	-17.81	
2008-07	8.43	2.54	-0.02	-64.45	0.53	-65.96	
2008-08	5.96	1.8	-0.3	-83.33	0.08	-83.93	
2008-09	4.42	1.32	-0.47	-88.69	-0.2	-89.24	
2008-10	3.7	1.12	-0.55	-93.57	-0.33	-93.17	
2008-11	4.23	1.28	-0.48	-82.05	-0.22	-82.95	
2008-12	4.94	1.49	-0.39	-68.67	-0.1	-68.01	
2009-01	4.94	1.49	-0.38	-59.35	-0.1	-58.93	
2009-02	6.26	1.89	-0.2	-30.72	0.15	-30.18	
2009-03	7.48	2.25	-0.04	-4.46	0.36	-3.57	
2009-04	10.23	3.07	0.32	32.23	0.84	33.04	
2009-05	10.86	3.27	0.42	46.01	0.95	47.82	
2009-06	11.23	3.4	0.47	62.58	1	64.24	
2009-07	13.28	4.03	0.74	79.77	1.33	81.6	
2009-08	14.5	4.39	0.9	83.33	1.51	84.1	
2009-09	13.75	4.18	0.81	81.21	1.35	81.7	
2009-10	15.04	4.56	0.98	92.91	1.52	93.36	
2009-11	15.91	4.82	1.1	97.45	1.62	97.79	
2009-12	15.62	4.73	1.06	85.75	1.53	85.64	
2010-01	15.23	4.62	1	72.37	1.43	72.05	
2010-02	16.95	5.14	1.22	93.69	1.66	93.1	
2010-03	17.26	5.23	1.24	92.12	1.65	92.12	
2010-04	16.07	4.84	1.08	76.43	1.41	74.53	
2010-05	12.52	3.79	0.62	12.14	0.87	10.09	
2010-06	12.54	3.82	0.62	-14.94	0.85	-15.55	
2010-07	13.83	4.23	0.79	-16.2	1.03	-15.95	
2010-08	13.95	4.27	0.8	-23.26	1.02	-21.39	
2010-09	13.86	4.24	0.8	-24.7	0.98	-23.21	
2010-10	13.78	4.22	0.77	-36.33	0.95	-35.6	
2010-11	14.86	4.55	0.9	5.88	1.08	9.38	
2010-12	15.25	4.67	0.92	36.14	1.1	40.06	
2011-01	13.2	4.04	0.65	-5.8	0.8	-2.01	
2011-02	14.13	4.33	0.75	-13.87	0.9	-13.57	
2011-03	16.01	4.9	0.96	44.99	1.12	48.18	
2011-04	15.47	4.73	0.87	63.44	1.01	65.65	
2011-05	14.17	4.34	0.7	22.11	0.82	25.55	
2011-06	14.75	4.53	0.75	18.88	0.88	21.26	
2011-07	15.62	4.84	0.83	69.2	0.98	74.06	
2011-08	14.58	4.51	0.69	29.5	0.82	38.97	
2011-09	13.39	4.15	0.54	-35.89	0.65	-23.21	
2011-10	13.06	4.04	0.49	-65.57	0.6	-58.71	
2011-11	13.4	4.15	0.52	-62.34	0.62	-60.35	
2011-12	11.49	3.55	0.29	-88.72	0.38	-86.61	
2012-01	10.48	3.24	0.17	-93.75	0.24	-93.51	
2012-02	11.72	3.63	0.3	-78.13	0.38	-78.35	
2012-03	12.87	3.98	0.41	-51.06	0.5	-51.06	
2012-04	13.57	4.2	0.48	-23.38	0.56	-21.11	
2012-05	14.12	4.37	0.52	13.72	0.61	15.18	
2012-06	13.85	4.35	0.48	27.1	0.58	32.5	
2012-07	13.12	4.15	0.39	-2.03	0.49	12.74	
2012-08	12.78	4.04	0.34	-15.45	0.44	-3.76	
2012-09	12.39	3.91	0.29	-47.99	0.38	-38.44	
2012-10	13.11	4.14	0.36	-22.37	0.44	-5.31	
2012-11	14.04	4.44	0.44	35.88	0.53	46.35	
2012-12	15.73	4.97	0.59	67.48	0.69	73.98	
2013-01	17.88	5.65	0.79	91.34	0.89	95.13	
2013-02	18.3	5.78	0.8	93.69	0.9	94.23	
2013-03	17.09	5.4	0.66	78.91	0.75	78.87	
2013-04	17.71	5.6	0.7	85.37	0.79	85.27	
2013-05	19.57	6.18	0.85	93.87	0.94	93.91	
2013-06	18.53	5.92	0.73	80.93	0.83	82.41	
2013-07	17.71	5.69	0.63	58.46	0.73	64.4	
2013-08	17.93	5.76	0.63	48.38	0.73	54.67	
2013-09	17.47	5.61	0.57	28.24	0.66	36.61	
2013-10	17.26	5.54	0.53	2.53	0.62	6.7	
2013-11	17.1	5.49	0.5	-13.1	0.58	-8.16	
2013-12	18.12	5.82	0.57	24.51	0.65	31.7	
2014-01	15.83	5.08	0.35	-32.7	0.42	-27.38	
2014-02	15.62	5.02	0.32	-58.99	0.39	-49.89	
2014-03	15.2	4.84	0.28	-73.16	0.33	-71.17	
2014-04	15.81	5.08	0.32	-66.11	0.38	-61.99	
2014-05	14.68	4.71	0.21	-86.34	0.27	-86.12	
2014-06	13.92	4.56	0.14	-92.14	0.22	-90.67	
2014-07	14.74	4.88	0.2	-72.36	0.29	-65.49	
2014-08	15.74	5.21	0.27	-39.29	0.36	-19.6	
2014-09	17.93	5.94	0.43	10.59	0.53	25.47	
2014-10	18.69	6.19	0.48	40.33	0.58	49.8	
2014-11	20.4	6.76	0.59	62.9	0.7	68.57	
2014-12	23.81	7.89	0.83	79.43	0.95	86.3	
2015-01	25.21	8.35	0.91	89.02	1.03	91.97	
2015-02	24.68	8.17	0.84	87.44	0.95	88.04	
2015-03	28.42	9.41	1.08	94.16	1.21	94.24	
2015-04	34.58	12.17	1.48	100	1.78	98.89	
2015-10	14.57	11.66	0.04	67.5	1.36	54.89	
2015-11	13.12	8.8	-0.07	15.48	0.76	-6.76	
2015-12	12.16	8.16	-0.14	-26.28	0.62	-33.42	
2016-01	9.16	6.15	-0.35	-52.05	0.21	-58.61	
2016-02	9.22	6.18	-0.35	-56.37	0.21	-60.36	
2016-03	9.25	6.2	-0.34	-65.92	0.21	-73.49	
2016-04	9.49	6.37	-0.33	-66.88	0.23	-67.86	
2016-05	8.89	6.03	-0.37	-86.35	0.16	-83.42	
2016-06	8.89	6.08	-0.37	-85.49	0.17	-78.7	
2016-07	9.59	6.56	-0.31	-51.83	0.25	-46.51	
2016-08	10.01	6.85	-0.28	-24.57	0.3	-18.17	
2016-09	11.54	7.66	-0.18	2.92	0.44	9.64	
2016-10	10.72	7.33	-0.23	2.07	0.37	15.18	
2016-11	11.03	7.55	-0.21	26.46	0.4	30.4	
2016-12	10.52	7.2	-0.25	9.17	0.32	20.33	
2017-01	10.48	7.17	-0.25	10.76	0.3	19	
2017-02	11.24	7.69	-0.19	46.83	0.38	50.5	
2017-03	12.11	8.29	-0.13	69.68	0.46	70.3	
2017-04	15.58	10.66	0.11	79.17	0.85	83.08	
2017-05	14.13	9.73	0	68.75	0.67	76.74	
2017-06	14.54	10.07	0.02	72.97	0.7	80.97	
2017-07	15.22	10.54	0.06	82.36	0.76	87.54	
2017-08	16.38	11.35	0.13	89.25	0.87	95.69	
2017-09	16.1	11.18	0.11	83.13	0.81	84.52	
2017-10	21.71	15.03	0.47	98.95	1.4	98.95	
2017-11	23.4	16.2	0.57	94.81	1.54	94.76	
2017-12	21.95	15.2	0.46	83.42	1.34	83.42	
2018-01	24.52	16.98	0.61	92.82	1.56	92.86	
2018-02	23.88	16.54	0.56	85.89	1.45	85.89	
2018-03	24.56	17.01	0.59	88.96	1.48	89	
2018-04	23.92	16.56	0.54	78.57	1.37	78.62	
2018-05	23.12	16.02	0.48	56.29	1.26	56.21	
2018-06	21.23	14.89	0.35	15.45	1.07	18.57	
2018-07	19.66	13.84	0.25	-14.69	0.9	-12.46	
2018-08	18.64	13.12	0.18	-36.37	0.78	-34.78	
2018-09	16.32	11.48	0.03	-55.73	0.54	-53.95	
2018-10	14.46	10.18	-0.08	-73.61	0.36	-72.47	
2018-11	14.99	10.55	-0.05	-75.69	0.39	-74.8	
2018-12	15.27	10.75	-0.03	-72.28	0.41	-71.83	
2019-01	14.74	10.38	-0.06	-77.8	0.35	-77.64	
2019-02	17.2	12.1	0.09	-44.11	0.56	-43.45	
2019-03	19.49	13.72	0.23	0.38	0.74	1.79	
2019-04	20.19	14.21	0.27	24.87	0.78	25.64	
2019-05	19.27	13.56	0.21	29.6	0.68	30.71	
2019-06	18.44	13.1	0.15	17.72	0.61	23.03	
2019-07	18.01	13	0.12	1.9	0.58	16.27	
2019-08	17.53	12.66	0.09	-14.57	0.52	-2.64	
2019-09	18.71	13.5	0.16	25.63	0.61	35.98	
2019-10	18.88	13.63	0.17	30.21	0.61	40.77	
2019-11	21.4	15.44	0.32	62.37	0.8	74.11	
2019-12	23.58	17.02	0.44	81.7	0.95	90.75	
2020-01	26.4	19.05	0.61	93.3	1.15	95.26	
2020-02	24.84	17.92	0.5	87.19	0.99	87.32	
2020-03	26.39	19.05	0.58	88.19	1.08	88.23	
2020-04	25.82	18.64	0.54	83.21	1	83.21	
2020-05	23.52	16.97	0.4	49.6	0.8	49.55	
2020-06	21.93	15.86	0.29	13.84	0.66	14.33	
2020-07	28.02	20.3	0.64	50	1.09	51.16	
2020-08	32.24	23.35	0.87	88.9	1.35	89.41	
2020-09	33.14	24.01	0.89	93.91	1.37	93.95	
2020-10	35.83	25.95	1.02	94.2	1.51	94.2	
2020-11	39.14	28.36	1.17	98.21	1.68	98.25	
2020-12	37.38	27.08	1.05	82.73	1.51	82.73	
2021-01	48.08	34.83	1.58	96.96	2.13	96.96	
2021-02	52.22	37.83	1.75	96.79	2.3	96.79	
2021-03	45.06	32.64	1.33	76.86	1.78	76.86	
2021-04	44.98	32.58	1.29	71.98	1.71	71.98	
2021-05	43.73	31.68	1.19	56.45	1.58	56.55	
2021-06	44.47	32.44	1.2	56.93	1.59	59.31	
2021-07	37.94	27.81	0.85	0.81	1.18	2.6	
2021-08	36.14	26.5	0.74	-23.5	1.04	-22.36	
2021-09	34.47	25.27	0.65	-39.24	0.92	-38.44	
2021-10	31.35	22.98	0.49	-57.14	0.72	-55.75	
2021-11	27.6	20.24	0.31	-72.12	0.5	-71.39	
2021-12	32.03	23.48	0.51	-62.85	0.72	-62.54	
2022-01	34.92	25.6	0.63	-37.64	0.85	-36.14	
2022-02	33.27	24.4	0.54	-45.26	0.74	-43.86	
2022-03	29.27	21.17	0.35	-73.22	0.49	-74.96	
2022-04	30.24	22.17	0.39	-72.84	0.54	-71.33	
2022-05	29.65	21.74	0.35	-80.26	0.5	-77.02	
2022-06	30.99	23.11	0.4	-66.33	0.57	-57.61	
2022-07	31.09	23.31	0.4	-41.63	0.56	-27.93	
2022-08	26.83	20.11	0.2	-84.39	0.34	-73.6	
2022-09	25.81	19.35	0.15	-90.35	0.27	-86.22	
2022-10	22.83	17.11	0.02	-94.75	0.12	-93.47	
2022-11	24.58	18.42	0.09	-81.94	0.19	-83.16	
2022-12	26.37	19.77	0.16	-65.26	0.27	-65.1	
2023-01	27.79	20.82	0.22	-41.68	0.32	-39.68	
2023-02	29.36	22.01	0.28	-9.02	0.38	-5.45	
2023-03	28.66	21.48	0.24	2.41	0.34	4.54	
2023-04	26.87	20.14	0.16	-21.85	0.24	-19.41	
2023-05	24.82	18.6	0.07	-54.11	0.14	-50.58	
2023-06	24.55	18.75	0.05	-62.99	0.14	-60.71	
2023-07	25.34	19.5	0.08	-62.12	0.18	-53.83	
2023-08	27.9	21.47	0.19	-7.88	0.29	4.46	
2023-09	30.53	23.5	0.3	40.27	0.41	54.24	
2023-10	27.25	20.97	0.16	35.71	0.25	44.75	
2023-11	24.21	18.64	0.03	-20.82	0.11	-9.5	
2023-12	22.71	17.48	-0.03	-58.89	0.03	-46.94	
2024-01	26.39	20.31	0.13	-37.87	0.2	-27.52	
2024-02	28.07	21.61	0.19	-1.21	0.27	11.67	
2024-03	27.86	21.44	0.17	18.45	0.25	29.04	
2024-04	30.22	23.26	0.26	51.38	0.34	61.83	
2024-05	33.92	26.11	0.4	80.67	0.49	86.92	
2024-06	31.29	24.35	0.28	73.68	0.37	75	
2024-07	27.54	21.77	0.12	33.23	0.22	44.64	
2024-08	25.04	19.8	0.01	-14.25	0.1	-7.59	
2024-09	25.53	20.19	0.03	-30.12	0.11	-25.61	
2024-10	31.59	24.97	0.26	29.17	0.36	39.73	
2024-11	29.8	23.56	0.18	41.54	0.27	52.68	
2024-12	29.05	22.97	0.14	32.39	0.23	44.52	
2025-01	30.86	24.4	0.2	67.98	0.29	72.92	
